   9.1721212e-01   3.9490313e-02   4.3054722e-02   7.9581145e-02   4.8348156e-01   2.9452431e-01   5.2165056e-03   1.6460017e-01   1.4133620e-01  -9.9267566e-01  -1.0653652e-01   1.0603368e+00  -9.9267566e-01   0.0000000e+00  -9.9267566e-01   0.0000000e+00   0.0000000e+00   0.0000000e+00   0.0000000e+00   9.1721212e-01   4.1204770e-02   2.5563794e-02   0.0000000e+00   7.5757576e+00   1.5151515e+01
   9.1878788e-01   5.4566334e-02   5.9389480e-02   6.8716202e-02   2.8080236e-01   2.2089323e-01   3.4310646e-03   2.4471376e-01   1.9660244e-01  -8.8909132e-01  -1.0653652e-01   1.0603368e+00  -8.8909132e-01   0.0000000e+00  -8.8909132e-01   0.0000000e+00   0.0000000e+00   0.0000000e+00   0.0000000e+00   9.1878788e-01   5.4495691e-02   2.6459812e-02   0.0000000e+00   2.2727273e+01   7.5757576e+00
   9.2175000e-01   4.3068587e-02   4.6724803e-02   7.6164150e-02   5.0011343e-01   2.9452431e-01   6.8389202e-03   1.5229375e-01   1.3216574e-01  -9.4177988e-01  -1.0653652e-01   1.0603368e+00  -9.4177988e-01   0.0000000e+00  -9.4177988e-01   0.0000000e+00   0.0000000e+00   0.0000000e+00   0.0000000e+00   9.2175000e-01   3.9104919e-02   3.5297434e-02   0.0000000e+00   7.8125000e+00   1.5625000e+01
   9.4025000e-01   6.6731528e-02   7.0972111e-02   7.8243533e-02   6.5578260e-01   2.9452431e-01   1.5153154e-02   1.1931322e-01   1.0659502e-01  -7.2177054e-01  -1.0653652e-01   1.0603368e+00  -7.2177054e-01   0.0000000e+00  -7.2177054e-01   0.0000000e+00   0.0000000e+00   0.0000000e+00   0.0000000e+00   9.4025000e-01   6.8203363e-02   4.3197030e-02   0.0000000e+00   1.5625000e+01   7.8125000e+00
   9.4312500e-01   3.7368047e-02   3.9621521e-02   2.1136043e-01   3.9697733e-01   1.7180585e-01   2.4214227e-03   5.3242443e-01   3.4743927e-01  -1.0099290e+00  -1.0653652e-01   1.0603368e+00  -1.0099290e+00   0.0000000e+00  -1.0099290e+00   0.0000000e+00   0.0000000e+00   0.0000000e+00   0.0000000e+00   9.4312500e-01   3.8926770e-02   2.1714015e-02   0.0000000e+00   7.8125000e+00   4.6875000e+01
   9.1660606e-01   3.5115826e-02   3.8310706e-02   7.8880470e-02   4.3605590e-01   2.9452431e-01   2.8466188e-03   1.8089532e-01   1.5318489e-01  -1.1107216e+00  -1.0653652e-01   1.0603368e+00  -1.1107216e+00   0.0000000e+00  -1.1107216e+00   0.0000000e+00   0.0000000e+00   0.0000000e+00   0.0000000e+00   9.1660606e-01   3.2089667e-02   2.2118942e-02   0.0000000e+00   7.5757576e+00   1.5151515e+01
   9.2787500e-01   5.5736564e-02   6.0069043e-02   7.7249832e-02   3.3345925e-01   3.9269908e-01   2.9798633e-03   2.3166199e-01   1.8808893e-01  -9.2246283e-01  -1.0653652e-01   1.0603368e+00  -9.2246283e-01   0.0000000e+00  -9.2246283e-01   0.0000000e+00   0.0000000e+00   0.0000000e+00   0.0000000e+00   9.2787500e-01   5.5777638e-02   3.5275797e-02   0.0000000e+00   1.5625000e+01   7.8125000e+00
   9.2181818e-01   4.8011362e-02   5.2083332e-02   9.8063409e-02   3.9856353e-01   2.2089323e-01   2.7824979e-03   2.4604210e-01   1.9745890e-01  -1.0001467e+00  -1.0653652e-01   1.0603368e+00  -1.0001467e+00   0.0000000e+00  -1.0001467e+00   0.0000000e+00   0.0000000e+00   0.0000000e+00   0.0000000e+00   9.2181818e-01   5.4524611e-02   2.8350880e-02   0.0000000e+00   7.5757576e+00   2.2727273e+01
   9.3437500e-01   3.3633461e-02   3.5995677e-02   4.0075307e-02   2.8085075e-01   2.9452431e-01   1.3427235e-03   1.4269254e-01   1.2487396e-01  -1.1904279e+00  -1.0653652e-01   1.0603368e+00  -1.1904279e+00   0.0000000e+00  -1.1904279e+00   0.0000000e+00   0.0000000e+00   0.0000000e+00   0.0000000e+00   9.3437500e-01   3.5268469e-02   2.1684222e-02   0.0000000e+00   7.8125000e+00   4.6875000e+01
   9.0375758e-01   4.7748711e-02   5.2833539e-02   3.8940066e-02   5.7714156e-01   3.4361170e-01   6.8694468e-03   6.7470563e-02   6.3206017e-02  -8.4437315e-01  -1.0653652e-01   1.0603368e+00  -8.4437315e-01   0.0000000e+00  -8.4437315e-01   0.0000000e+00   0.0000000e+00   0.0000000e+00   0.0000000e+00   9.0375758e-01   6.3131575e-02   1.2514599e-02   0.0000000e+00   1.5151515e+01   4.5454545e+01
   9.4175000e-01   7.1791364e-02   7.6231871e-02   6.5462098e-02   6.0463182e-01   3.1906800e-01   1.7052377e-02   1.0826770e-01   9.7690929e-02  -7.1357812e-01  -1.0653652e-01   1.0603368e+00  -7.1357812e-01   0.0000000e+00  -7.1357812e-01   0.0000000e+00   0.0000000e+00   0.0000000e+00   0.0000000e+00   9.4175000e-01   8.2815060e-02   3.5870127e-02   0.0000000e+00   1.5625000e+01   7.8125000e+00
   9.0165517e-01   8.1391591e-02   9.0269089e-02   4.4033841e-02   3.6134743e-01   3.6815539e-01   4.1426080e-03   1.2186012e-01   1.0862328e-01  -1.1050884e+00  -1.6468465e-01   1.1172003e+00  -1.1050884e+00   0.0000000e+00  -1.1050884e+00   0.0000000e+00   0.0000000e+00   0.0000000e+00   0.0000000e+00   9.0165517e-01   6.8021294e-02   5.5401793e-02   0.0000000e+00   8.6206897e+00   1.7241379e+01
   8.3775000e-01   7.7008169e-02   9.1922613e-02   1.1885014e-02   2.5855718e-01   3.9269908e-01   1.1558620e-02   4.5966674e-02   4.3946595e-02  -8.9410012e-01  -1.0653652e-01   1.0603368e+00  -8.9410012e-01   0.0000000e+00  -8.9410012e-01   0.0000000e+00   0.0000000e+00   0.0000000e+00   0.0000000e+00   8.3775000e-01   6.0895722e-02   5.4270546e-02   0.0000000e+00   1.5625000e+01   7.8125000e+00
   9.0872727e-01   3.1881884e-02   3.5084106e-02   1.7340314e-01   3.2311365e-01   1.7180585e-01   1.2496350e-03   5.3666299e-01   3.4923922e-01  -1.0190655e+00  -1.0653652e-01   1.0603368e+00  -1.0190655e+00   0.0000000e+00  -1.0190655e+00   0.0000000e+00   0.0000000e+00   0.0000000e+00   0.0000000e+00   9.0872727e-01   3.0475302e-02   2.1700783e-02   0.0000000e+00   7.5757576e+00   2.2727273e+01
   9.0981818e-01   3.7028245e-02   4.0698510e-02   1.2591221e-01   5.8225583e-01   2.6998062e-01   2.9386223e-03   2.1624895e-01   1.7779990e-01  -9.8610402e-01  -1.0653652e-01   1.0603368e+00  -9.8610402e-01   0.0000000e+00  -9.8610402e-01   0.0000000e+00   0.0000000e+00   0.0000000e+00   0.0000000e+00   9.0981818e-01   3.6017508e-02   2.4409515e-02   0.0000000e+00   7.5757576e+00   1.5151515e+01
   8.9272727e-01   3.1264269e-02   3.5021076e-02   1.2070398e-02   3.1992915e-01   3.9269908e-01   2.3883950e-03   3.7728346e-02   3.6356669e-02  -1.1497282e+00  -1.0653652e-01   1.0603368e+00  -1.1497282e+00   0.0000000e+00  -1.1497282e+00   0.0000000e+00   0.0000000e+00   0.0000000e+00   0.0000000e+00   8.9272727e-01   3.2009371e-02   2.0628989e-02   0.0000000e+00   1.5151515e+01   7.5757576e+00
   9.1539394e-01   3.9586882e-02   4.3245733e-02   1.5729191e-02   2.7649483e-01   3.9269908e-01   3.4914161e-03   5.6887830e-02   5.3825798e-02  -1.0769515e+00  -1.0653652e-01   1.0603368e+00  -1.0769515e+00   0.0000000e+00  -1.0769515e+00   0.0000000e+00   0.0000000e+00   0.0000000e+00   0.0000000e+00   9.1539394e-01   3.2967389e-02   3.0824076e-02   0.0000000e+00   1.5151515e+01   7.5757576e+00
   9.3187500e-01   3.9092735e-02   4.1950621e-02   5.4519019e-02   4.6128814e-01   3.1906800e-01   5.0474943e-03   1.1818864e-01   1.0569651e-01  -9.5474793e-01  -1.0653652e-01   1.0603368e+00  -9.5474793e-01   0.0000000e+00  -9.5474793e-01   0.0000000e+00   0.0000000e+00   0.0000000e+00   0.0000000e+00   9.3187500e-01   3.9603147e-02   2.5381503e-02   0.0000000e+00   1.5625000e+01   7.8125000e+00
   9.2412121e-01   4.9015149e-02   5.3039740e-02   2.9989775e-02   3.8743312e-01   3.6815539e-01   5.8774667e-03   7.7406329e-02   7.1845066e-02  -9.9087530e-01  -1.0653652e-01   1.0603368e+00  -9.9087530e-01   0.0000000e+00  -9.9087530e-01   0.0000000e+00   0.0000000e+00   0.0000000e+00   0.0000000e+00   9.2412121e-01   4.5469917e-02   4.0531834e-02   0.0000000e+00   1.5151515e+01   7.5757576e+00
   9.3100000e-01   5.7257765e-02   6.1501358e-02   1.1711390e-01   5.6773265e-01   2.6998062e-01   1.1528582e-02   2.0628354e-01   1.7100751e-01  -7.9093071e-01  -1.0653652e-01   1.0603368e+00  -7.9093071e-01   0.0000000e+00  -7.9093071e-01   0.0000000e+00   0.0000000e+00   0.0000000e+00   0.0000000e+00   9.3100000e-01   5.2319467e-02   4.9835263e-02   0.0000000e+00   7.8125000e+00   1.5625000e+01
   9.2987500e-01   4.2840853e-02   4.6071626e-02   4.8142468e-02   2.0065560e-01   3.9269908e-01   1.2067460e-03   2.3992587e-01   1.9350017e-01  -1.1002467e+00  -1.0653652e-01   1.0603368e+00  -1.1002467e+00   0.0000000e+00  -1.1002467e+00   0.0000000e+00   0.0000000e+00   0.0000000e+00   0.0000000e+00   9.2987500e-01   3.8849472e-02   3.2472426e-02   0.0000000e+00   2.3437500e+01   7.8125000e+00
   9.3362500e-01   3.9946537e-02   4.2786490e-02   4.6855540e-02   3.2733144e-01   2.6998062e-01   2.2306270e-03   1.4314402e-01   1.2521959e-01  -1.0423377e+00  -1.0653652e-01   1.0603368e+00  -1.0423377e+00   0.0000000e+00  -1.0423377e+00   0.0000000e+00   0.0000000e+00   0.0000000e+00   0.0000000e+00   9.3362500e-01   3.6272159e-02   2.6156463e-02   0.0000000e+00   2.3437500e+01   7.8125000e+00
   9.3018182e-01   3.1876181e-02   3.4268764e-02   6.6482167e-02   4.6896851e-01   2.6998062e-01   2.8704547e-03   1.4176254e-01   1.2416114e-01  -1.1000404e+00  -1.0653652e-01   1.0603368e+00  -1.1000404e+00   0.0000000e+00  -1.1000404e+00   0.0000000e+00   0.0000000e+00   0.0000000e+00   0.0000000e+00   9.3018182e-01   2.3887576e-02   2.2603650e-02   0.0000000e+00   1.5151515e+01   7.5757576e+00
   9.1115152e-01   4.2317344e-02   4.6443805e-02   2.2694470e-01   3.6772485e-01   1.7180585e-01   4.1255998e-03   6.1715900e-01   3.8163161e-01  -8.5969586e-01  -1.0653652e-01   1.0603368e+00  -8.5969586e-01   0.0000000e+00  -8.5969586e-01   0.0000000e+00   0.0000000e+00   0.0000000e+00   0.0000000e+00   9.1115152e-01   5.2669383e-02   1.3984717e-02   0.0000000e+00   7.5757576e+00   2.2727273e+01
   9.4112500e-01   3.9718160e-02   4.2202853e-02   8.8816969e-02   3.7145063e-01   2.4543693e-01   2.3899887e-03   2.3910841e-01   1.9296811e-01  -9.2156000e-01  -1.0653652e-01   1.0603368e+00  -9.2156000e-01   0.0000000e+00  -9.2156000e-01   0.0000000e+00   0.0000000e+00   0.0000000e+00   0.0000000e+00   9.4112500e-01   3.8853131e-02   2.3376755e-02   0.0000000e+00   2.3437500e+01   7.8125000e+00
   9.3100000e-01   3.5209969e-02   3.7819516e-02   2.8348598e-02   4.3013946e-01   3.1906800e-01   1.7300910e-03   6.5905597e-02   6.1830613e-02  -1.0390325e+00  -1.0653652e-01   1.0603368e+00  -1.0390325e+00   0.0000000e+00  -1.0390325e+00   0.0000000e+00   0.0000000e+00   0.0000000e+00   0.0000000e+00   9.3100000e-01   3.1564770e-02   2.1780037e-02   0.0000000e+00   1.5625000e+01   2.3437500e+01
   9.4000000e-01   4.6325636e-02   4.9282591e-02   4.7889685e-02   5.1637787e-01   3.1906800e-01   8.2953202e-03   9.2741552e-02   8.4870528e-02  -8.5624271e-01  -1.0653652e-01   1.0603368e+00  -8.5624271e-01   0.0000000e+00  -8.5624271e-01   0.0000000e+00   0.0000000e+00   0.0000000e+00   0.0000000e+00   9.4000000e-01   5.2474408e-02   2.4524696e-02   0.0000000e+00   1.5625000e+01   7.8125000e+00
   9.2500000e-01   2.9200088e-02   3.1567663e-02   2.0020392e-01   3.8333771e-01   1.7180585e-01   1.8494808e-03   5.2226512e-01   3.4308421e-01  -1.0578046e+00  -1.0653652e-01   1.0603368e+00  -1.0578046e+00   0.0000000e+00  -1.0578046e+00   0.0000000e+00   0.0000000e+00   0.0000000e+00   0.0000000e+00   9.2500000e-01   3.3470417e-02   1.2611491e-02   0.0000000e+00   7.8125000e+00   3.1250000e+01
   9.2242424e-01   2.7729756e-02   3.0061825e-02   2.9059988e-02   4.2525644e-01   3.4361170e-01   1.0635869e-03   6.8335209e-02   6.3964202e-02  -1.1928452e+00  -1.0653652e-01   1.0603368e+00  -1.1928452e+00   0.0000000e+00  -1.1928452e+00   0.0000000e+00   0.0000000e+00   0.0000000e+00   0.0000000e+00   9.2242424e-01   2.9731733e-02   1.6365619e-02   0.0000000e+00   1.5151515e+01   2.2727273e+01
   9.3525000e-01   5.2316037e-02   5.5938024e-02   1.9691526e-01   5.1039827e-01   1.9634954e-01   6.2181258e-03   3.8580707e-01   2.7839883e-01  -8.4733891e-01  -1.0653652e-01   1.0603368e+00  -8.4733891e-01   0.0000000e+00  -8.4733891e-01   0.0000000e+00   0.0000000e+00   0.0000000e+00   0.0000000e+00   9.3525000e-01   6.5712194e-02   1.7963032e-02   0.0000000e+00   7.8125000e+00   4.6875000e+01
   9.3225000e-01   2.4719067e-02   2.6515491e-02   1.1902504e-02   9.2999220e-02   3.9269908e-01   1.7898854e-04   1.2798499e-01   1.1346338e-01  -1.2137240e+00  -1.0653652e-01   1.0603368e+00  -1.2137240e+00   0.0000000e+00  -1.2137240e+00   0.0000000e+00   0.0000000e+00   0.0000000e+00   0.0000000e+00   9.3225000e-01   2.1441056e-02   1.3377603e-02   0.0000000e+00   2.3437500e+01   7.8125000e+00
   9.2096970e-01   6.5726937e-02   7.1367101e-02   4.7266640e-02   5.4898396e-01   3.1906800e-01   4.2250564e-03   8.6098399e-02   7.9273111e-02  -9.0047079e-01  -1.0653652e-01   1.0603368e+00  -9.0047079e-01   0.0000000e+00  -9.0047079e-01   0.0000000e+00   0.0000000e+00   0.0000000e+00   0.0000000e+00   9.2096970e-01   6.2563848e-02   4.4278068e-02   0.0000000e+00   1.5151515e+01   2.2727273e+01
   9.6986667e-01   5.3250050e-02   5.4904506e-02   1.0214077e-01   3.9180495e-01   2.4543693e-01   5.5080322e-03   2.6069290e-01   2.0678541e-01   9.3071049e-01  -1.3369198e-01   1.0868562e+00   9.3071049e-01  -2.2515362e+00   5.0000000e-01  -1.8208257e+00   9.3071049e-01   0.0000000e+00   0.0000000e+00   9.6986667e-01   4.4071920e-02   4.3477870e-02   0.0000000e+00   8.3333333e+00   2.5000000e+01
   9.4037500e-01   3.5521688e-02   3.7773960e-02   1.9568245e-02   3.6018940e-01   3.9269908e-01   3.5801063e-03   5.4327654e-02   5.1528245e-02  -1.0892489e+00  -1.0653652e-01   1.0603368e+00  -1.0892489e+00   0.0000000e+00  -1.0892489e+00   0.0000000e+00   0.0000000e+00   0.0000000e+00   0.0000000e+00   9.4037500e-01   4.2447378e-02   1.4609312e-02   0.0000000e+00   1.5625000e+01   7.8125000e+00
   9.3487500e-01   4.8249185e-02   5.1610306e-02   2.2373475e-02   3.9885700e-01   3.9269908e-01   9.9582273e-03   5.6093976e-02   5.3114568e-02  -8.2518597e-01  -1.0653652e-01   1.0603368e+00  -8.2518597e-01   0.0000000e+00  -8.2518597e-01   0.0000000e+00   0.0000000e+00   0.0000000e+00   0.0000000e+00   9.3487500e-01   5.5813188e-02   2.6875187e-02   0.0000000e+00   1.5625000e+01   2.3437500e+01
   9.6774194e-01   4.3511660e-02   4.4962048e-02   4.4823234e-02   2.4639842e-01   2.4543693e-01   1.5110110e-03   1.8191364e-01   1.5391449e-01   5.5297591e-01  -1.3369198e-01   1.0868562e+00   5.5297591e-01  -1.9652330e+00   5.0000000e-01  -1.9122570e+00   5.5297591e-01   0.0000000e+00   0.0000000e+00   9.6774194e-01   4.3065505e-02   1.9282217e-02   0.0000000e+00   2.4193548e+01   1.6129032e+01
   9.6550000e-01   5.5905450e-02   5.7903107e-02   1.1131239e-01   6.2658117e-01   2.6998062e-01   9.0906281e-03   1.7765039e-01   1.5085155e-01  -8.6525692e-01  -1.0653652e-01   1.0603368e+00  -8.6525692e-01   0.0000000e+00  -8.6525692e-01   0.0000000e+00   0.0000000e+00   0.0000000e+00   0.0000000e+00   9.6550000e-01   4.4748716e-02   4.3886256e-02   0.0000000e+00   1.5625000e+01   7.8125000e+00
   9.3870968e-01   3.2568076e-02   3.4694514e-02   3.2476719e-02   6.0386156e-02   3.9269908e-01   8.7447892e-04   5.3781729e-01   3.4972769e-01   1.3700471e+00  -1.3369198e-01   1.0868562e+00   1.3700471e+00  -2.8102811e+00   5.0000000e-01  -1.9402339e+00   1.3700471e+00   0.0000000e+00   0.0000000e+00   9.3870968e-01   3.1852567e-02   2.0110979e-02   0.0000000e+00   2.4193548e+01   1.6129032e+01
   9.6412500e-01   5.8835884e-02   6.1025162e-02   1.7366481e-02   3.7122627e-01   3.9269908e-01   1.2993215e-02   4.6781389e-02   4.4690696e-02  -7.9222435e-01  -1.0653652e-01   1.0603368e+00  -7.9222435e-01   0.0000000e+00  -7.9222435e-01   0.0000000e+00   0.0000000e+00   0.0000000e+00   0.0000000e+00   9.6412500e-01   6.6497935e-02   3.4130082e-02   0.0000000e+00   1.5625000e+01   7.8125000e+00
   9.4296774e-01   1.4713902e-02   1.5603824e-02   6.1861395e-03   8.1716023e-02   3.9269908e-01   5.0835417e-05   7.5702895e-02   7.0375282e-02   1.9569279e-01  -1.3369198e-01   1.0868562e+00   1.9569279e-01  -2.0844258e+00   5.0000000e-01  -2.3887330e+00   1.9569279e-01   0.0000000e+00   0.0000000e+00   9.4296774e-01   1.1029155e-02   9.5573394e-03   0.0000000e+00   3.2258065e+01   4.0322581e+01
   9.3139394e-01   3.3957638e-02   3.6458943e-02   7.0120830e-02   4.2522462e-01   2.9452431e-01   3.6891362e-03   1.6490303e-01   1.4155945e-01  -1.0328197e+00  -1.0653652e-01   1.0603368e+00  -1.0328197e+00   0.0000000e+00  -1.0328197e+00   0.0000000e+00   0.0000000e+00   0.0000000e+00   0.0000000e+00   9.3139394e-01   2.7922030e-02   2.5491903e-02   0.0000000e+00   7.5757576e+00   1.5151515e+01
   9.2075000e-01   2.7906526e-02   3.0308472e-02   1.5647377e-02   3.5676188e-01   3.9269908e-01   2.1644653e-03   4.3859441e-02   4.2016616e-02  -1.0555232e+00  -1.0653652e-01   1.0603368e+00  -1.0555232e+00   0.0000000e+00  -1.0555232e+00   0.0000000e+00   0.0000000e+00   0.0000000e+00   0.0000000e+00   9.2075000e-01   2.4924606e-02   1.8704414e-02   0.0000000e+00   1.5625000e+01   2.3437500e+01
   9.4800000e-01   4.9990967e-02   5.2733087e-02   3.6837854e-02   5.3316080e-01   3.4361170e-01   1.0633080e-02   6.9093328e-02   6.4627967e-02  -7.8867430e-01  -1.0653652e-01   1.0603368e+00  -7.8867430e-01   0.0000000e+00  -7.8867430e-01   0.0000000e+00   0.0000000e+00   0.0000000e+00   0.0000000e+00   9.4800000e-01   6.5309958e-02   1.8099966e-02   0.0000000e+00   1.5625000e+01   7.8125000e+00
   9.1587879e-01   3.1360562e-02   3.4240952e-02   1.1121408e-01   4.7104832e-01   2.4543693e-01   3.1747234e-03   2.3609909e-01   1.9100337e-01  -1.0181235e+00  -1.0653652e-01   1.0603368e+00  -1.0181235e+00   0.0000000e+00  -1.0181235e+00   0.0000000e+00   0.0000000e+00   0.0000000e+00   0.0000000e+00   9.1587879e-01   3.0154835e-02   2.0366256e-02   0.0000000e+00   7.5757576e+00   1.5151515e+01
   9.3712500e-01   3.9627092e-02   4.2285813e-02   7.3104557e-02   5.7860301e-01   2.6998062e-01   2.8240553e-03   1.2634666e-01   1.1217387e-01  -1.0382476e+00  -1.0653652e-01   1.0603368e+00  -1.0382476e+00   0.0000000e+00  -1.0382476e+00   0.0000000e+00   0.0000000e+00   0.0000000e+00   0.0000000e+00   9.3712500e-01   4.6032740e-02   1.9578699e-02   0.0000000e+00   7.8125000e+00   1.5625000e+01
   9.2125000e-01   2.7080525e-02   2.9395414e-02   1.7337156e-02   6.1685396e-02   1.9634954e-01   2.7668046e-04   2.8105770e-01   2.1939504e-01  -1.1202529e+00  -1.0653652e-01   1.0603368e+00  -1.1202529e+00   0.0000000e+00  -1.1202529e+00   0.0000000e+00   0.0000000e+00   0.0000000e+00   0.0000000e+00   9.2125000e-01   2.9738548e-02   1.6241737e-02   0.0000000e+00   2.3437500e+01   7.8125000e+00
   9.0072727e-01   6.3847119e-02   7.0883963e-02   1.9666688e-01   6.0961975e-01   2.2089323e-01   3.8770550e-03   3.2260582e-01   2.4391683e-01  -9.5759944e-01  -1.0653652e-01   1.0603368e+00  -9.5759944e-01   0.0000000e+00  -9.5759944e-01   0.0000000e+00   0.0000000e+00   0.0000000e+00   0.0000000e+00   9.0072727e-01   8.1556393e-02   2.2958217e-02   0.0000000e+00   7.5757576e+00   1.5151515e+01
   8.9776471e-01   5.9916638e-02   6.6739802e-02   4.4978114e-02   4.7520728e-01   3.9269908e-01   3.4111359e-03   9.4649463e-02   8.6465545e-02  -1.2706571e+00  -9.4171848e-02   1.0482835e+00  -1.2706571e+00   0.0000000e+00  -1.2706571e+00   0.0000000e+00   0.0000000e+00   0.0000000e+00   0.0000000e+00   8.9776471e-01   6.0675384e-02   3.9979677e-02   0.0000000e+00   1.4705882e+01   7.3529412e+00
   9.3662500e-01   3.5064687e-02   3.7437274e-02   2.3617868e-02   2.8447315e-01   3.9269908e-01   1.0693629e-03   8.3023190e-02   7.6658737e-02  -1.1157420e+00  -1.0653652e-01   1.0603368e+00  -1.1157420e+00   0.0000000e+00  -1.1157420e+00   0.0000000e+00   0.0000000e+00   0.0000000e+00   0.0000000e+00   9.3662500e-01   3.1888756e-02   2.7721103e-02   0.0000000e+00   1.5625000e+01   7.8125000e+00
   9.1224242e-01   1.5872599e-02   1.7399540e-02   1.6536263e-01   5.0426887e-01   2.2089323e-01   8.2183166e-04   3.2792551e-01   2.4694571e-01  -1.1935663e+00  -1.0653652e-01   1.0603368e+00  -1.1935663e+00   0.0000000e+00  -1.1935663e+00   0.0000000e+00   0.0000000e+00   0.0000000e+00   0.0000000e+00   9.1224242e-01   1.7471252e-02   8.5167986e-03   0.0000000e+00   7.5757576e+00   2.2727273e+01
   8.8376471e-01   2.8944104e-02   3.2750916e-02   8.4996539e-03   3.4377038e-01   3.9269908e-01   2.7381373e-03   2.4724800e-02   2.4128234e-02  -1.4020935e+00  -9.4171848e-02   1.0482835e+00  -1.4020935e+00   0.0000000e+00  -1.4020935e+00   0.0000000e+00   0.0000000e+00   0.0000000e+00   0.0000000e+00   8.8376471e-01   2.4795721e-02   2.2764124e-02   0.0000000e+00   1.4705882e+01   2.2058824e+01
   8.9066667e-01   4.5206932e-02   5.0756286e-02   9.8173692e-02   6.3371401e-01   2.9452431e-01   6.0432220e-03   1.5491798e-01   1.3413764e-01  -9.2884236e-01  -1.0653652e-01   1.0603368e+00  -9.2884236e-01   0.0000000e+00  -9.2884236e-01   0.0000000e+00   0.0000000e+00   0.0000000e+00   0.0000000e+00   8.9066667e-01   4.9296437e-02   2.7840953e-02   0.0000000e+00   1.5151515e+01   7.5757576e+00
   9.1539394e-01   2.9276633e-02   3.1982550e-02   4.0800511e-02   4.3122560e-01   3.9269908e-01   2.9444661e-03   9.4615232e-02   8.6436977e-02  -1.1467576e+00  -1.0653652e-01   1.0603368e+00  -1.1467576e+00   0.0000000e+00  -1.1467576e+00   0.0000000e+00   0.0000000e+00   0.0000000e+00   0.0000000e+00   9.1539394e-01   2.5396859e-02   2.3247834e-02   0.0000000e+00   7.5757576e+00   1.5151515e+01
   9.3637500e-01   2.7886579e-02   2.9781422e-02   5.1813788e-02   5.3819949e-01   3.1906800e-01   2.1759990e-03   9.6272458e-02   8.7818003e-02  -1.0947906e+00  -1.0653652e-01   1.0603368e+00  -1.0947906e+00   0.0000000e+00  -1.0947906e+00   0.0000000e+00   0.0000000e+00   0.0000000e+00   0.0000000e+00   9.3637500e-01   3.2507100e-02   1.5315509e-02   0.0000000e+00   1.5625000e+01   2.3437500e+01
   9.2206061e-01   4.8796734e-02   5.2921395e-02   8.7716806e-02   6.2181190e-01   2.6998062e-01   5.3939450e-03   1.4106646e-01   1.2362686e-01  -9.2231260e-01  -1.0653652e-01   1.0603368e+00  -9.2231260e-01   0.0000000e+00  -9.2231260e-01   0.0000000e+00   0.0000000e+00   0.0000000e+00   0.0000000e+00   9.2206061e-01   4.9546954e-02   2.7935960e-02   0.0000000e+00   1.5151515e+01   7.5757576e+00
   9.4175000e-01   3.2079538e-02   3.4063752e-02   2.3870498e-02   2.7495518e-01   3.9269908e-01   1.5444017e-03   8.6815959e-02   7.9881012e-02  -1.1710534e+00  -1.0653652e-01   1.0603368e+00  -1.1710534e+00   0.0000000e+00  -1.1710534e+00   0.0000000e+00   0.0000000e+00   0.0000000e+00   0.0000000e+00   9.4175000e-01   2.0907752e-02   2.0449610e-02   0.0000000e+00   1.5625000e+01   2.3437500e+01
   9.3737500e-01   2.7686902e-02   2.9536633e-02   1.0413731e-01   4.2633357e-01   2.4543693e-01   1.4110393e-03   2.4426252e-01   1.9631108e-01  -1.1331040e+00  -1.0653652e-01   1.0603368e+00  -1.1331040e+00   0.0000000e+00  -1.1331040e+00   0.0000000e+00   0.0000000e+00   0.0000000e+00   0.0000000e+00   9.3737500e-01   2.6404027e-02   2.0491758e-02   0.0000000e+00   7.8125000e+00   1.5625000e+01
   9.2137500e-01   5.9369673e-02   6.4435949e-02   5.1612109e-02   5.0646557e-01   3.1906800e-01   1.3939885e-02   1.0190645e-01   9.2481944e-02  -7.7156681e-01  -1.0653652e-01   1.0603368e+00  -7.7156681e-01   0.0000000e+00  -7.7156681e-01   0.0000000e+00   0.0000000e+00   0.0000000e+00   0.0000000e+00   9.2137500e-01   6.5024340e-02   3.8732423e-02   0.0000000e+00   1.5625000e+01   7.8125000e+00
   9.5845161e-01   5.3173200e-02   5.5478231e-02   1.2950107e-01   2.2761750e-01   1.7180585e-01   1.3999519e-03   5.6894162e-01   3.6262765e-01   1.1468070e+00  -1.3369198e-01   1.0868562e+00   1.1468070e+00  -2.4972906e+00   5.0000000e-01  -1.8504836e+00   1.1468070e+00   0.0000000e+00   0.0000000e+00   9.5845161e-01   6.2326457e-02   2.4193132e-02   0.0000000e+00   8.0645161e+00   1.6129032e+01
   9.3912500e-01   3.4659403e-02   3.6906059e-02   1.0039768e-01   3.1456767e-01   1.9634954e-01   1.4022912e-03   3.1916084e-01   2.4194233e-01  -1.0444033e+00  -1.0653652e-01   1.0603368e+00  -1.0444033e+00   0.0000000e+00  -1.0444033e+00   0.0000000e+00   0.0000000e+00   0.0000000e+00   0.0000000e+00   9.3912500e-01   3.9631781e-02   1.9686298e-02   0.0000000e+00   7.8125000e+00   1.5625000e+01
   9.4287500e-01   4.0413787e-02   4.2862296e-02   3.0978621e-02   3.3405112e-01   3.9269908e-01   3.6576966e-03   9.2736168e-02   8.4866018e-02  -9.6755819e-01  -1.0653652e-01   1.0603368e+00  -9.6755819e-01   0.0000000e+00  -9.6755819e-01   0.0000000e+00   0.0000000e+00   0.0000000e+00   0.0000000e+00   9.4287500e-01   4.5759117e-02   2.0505426e-02   0.0000000e+00   1.5625000e+01   7.8125000e+00
   9.2884848e-01   3.9695813e-02   4.2736586e-02   9.0750136e-02   4.8729624e-01   3.1906800e-01   3.2321116e-03   1.8623197e-01   1.5699456e-01  -1.0138088e+00  -1.0653652e-01   1.0603368e+00  -1.0138088e+00   0.0000000e+00  -1.0138088e+00   0.0000000e+00   0.0000000e+00   0.0000000e+00   0.0000000e+00   9.2884848e-01   3.6246016e-02   3.2093595e-02   0.0000000e+00   1.5151515e+01   7.5757576e+00
   9.9333333e-01   5.5904681e-02   5.6279880e-02   1.5293927e-02   1.7685273e-01   3.9269908e-01   3.6326515e-03   8.6478323e-02   7.9595074e-02   7.5875870e-01  -1.3369198e-01   1.0868562e+00   7.5875870e-01  -1.9597755e+00   5.0000000e-01  -1.7010168e+00   7.5875870e-01   0.0000000e+00   0.0000000e+00   9.9333333e-01   5.8433059e-02   3.3246184e-02   0.0000000e+00   1.6666667e+01   8.3333333e+00
   8.6283333e-01   6.0634089e-02   7.0273234e-02   1.1161499e-01   3.9612931e-01   2.6998062e-01   8.9566989e-03   2.8176402e-01   2.1982519e-01  -9.5289661e-01  -2.4224056e-01   1.1934726e+00  -9.5289661e-01   0.0000000e+00  -9.5289661e-01   0.0000000e+00   0.0000000e+00   0.0000000e+00   0.0000000e+00   8.6283333e-01   7.6428652e-02   1.9161763e-02   0.0000000e+00   1.0416667e+01   2.0833333e+01
   9.5025000e-01   3.5399107e-02   3.7252415e-02   2.4531982e-02   2.6015709e-01   3.1906800e-01   2.1372358e-03   9.4296805e-02   8.6171141e-02  -1.0921282e+00  -1.0653652e-01   1.0603368e+00  -1.0921282e+00   0.0000000e+00  -1.0921282e+00   0.0000000e+00   0.0000000e+00   0.0000000e+00   0.0000000e+00   9.5025000e-01   2.9955427e-02   2.2898480e-02   0.0000000e+00   7.8125000e+00   1.5625000e+01
   9.5483871e-01   2.5968053e-02   2.7196272e-02   7.7500700e-02   1.6320557e-01   1.7180585e-01   5.4935115e-04   4.7486554e-01   3.2197209e-01   1.2122961e+00  -1.3369198e-01   1.0868562e+00   1.2122961e+00  -2.8199495e+00   5.0000000e-01  -2.1076534e+00   1.2122961e+00   0.0000000e+00   0.0000000e+00   9.5483871e-01   2.0329978e-02   1.6972558e-02   0.0000000e+00   8.0645161e+00   1.6129032e+01
   9.5800000e-01   3.9663097e-02   4.1401981e-02   5.6822110e-02   4.1317911e-01   3.6815539e-01   2.6316827e-03   1.3752416e-01   1.2089779e-01  -9.8229571e-01  -1.0653652e-01   1.0603368e+00  -9.8229571e-01   0.0000000e+00  -9.8229571e-01   0.0000000e+00   0.0000000e+00   0.0000000e+00   0.0000000e+00   9.5800000e-01   4.1319795e-02   2.4547170e-02   0.0000000e+00   1.5625000e+01   7.8125000e+00
   9.4800000e-01   4.1850528e-02   4.4146126e-02   1.1173790e-01   2.6968862e-01   1.7180585e-01   8.1721519e-04   4.1432190e-01   2.9294738e-01   1.0448187e+00  -1.3369198e-01   1.0868562e+00   1.0448187e+00  -2.6059128e+00   5.0000000e-01  -2.0610941e+00   1.0448187e+00   0.0000000e+00   0.0000000e+00   9.4800000e-01   3.9728493e-02   3.3150901e-02   0.0000000e+00   8.0645161e+00   1.6129032e+01
   9.6400000e-01   4.9918643e-02   5.1782825e-02   9.8434572e-02   3.8973879e-01   2.2089323e-01   2.1813045e-03   2.5256550e-01   2.0163856e-01  -9.8455438e-01  -1.0653652e-01   1.0603368e+00  -9.8455438e-01   0.0000000e+00  -9.8455438e-01   0.0000000e+00   0.0000000e+00   0.0000000e+00   0.0000000e+00   9.6400000e-01   5.3764540e-02   2.6380539e-02   0.0000000e+00   7.8125000e+00   2.3437500e+01
   9.8466667e-01   3.3335632e-02   3.3854738e-02   1.6334255e-01   1.9615699e-01   1.7180585e-01   1.3208769e-03   8.3271337e-01   4.5436094e-01   1.2526333e+00  -1.3369198e-01   1.0868562e+00   1.2526333e+00  -2.7603800e+00   5.0000000e-01  -2.0077466e+00   1.2526333e+00   0.0000000e+00   0.0000000e+00   9.8466667e-01   3.4277535e-02   2.0570510e-02   0.0000000e+00   8.3333333e+00   1.6666667e+01
   9.6270968e-01   2.6800738e-02   2.7838858e-02   2.1041405e-02   3.4644727e-01   3.9269908e-01   2.4684711e-03   6.0734799e-02   5.7257289e-02   7.3044719e-01  -1.3369198e-01   1.0868562e+00   7.3044719e-01  -2.2768346e+00   5.0000000e-01  -2.0463874e+00   7.3044719e-01   0.0000000e+00   0.0000000e+00   9.6270968e-01   3.0297701e-02   1.1379656e-02   0.0000000e+00   1.6129032e+01   4.8387097e+01
   9.6516129e-01   3.2939436e-02   3.4128426e-02   1.4696636e-01   4.8197687e-01   2.2089323e-01   2.7446223e-03   3.0492408e-01   2.3367189e-01   2.9974664e+00  -1.3369198e-01   1.0868562e+00   2.9974664e+00  -4.7494850e+00   5.0000000e-01  -2.2520186e+00   2.9974664e+00   0.0000000e+00   0.0000000e+00   9.6516129e-01   3.4787343e-02   1.8089695e-02   0.0000000e+00   8.0645161e+00   4.8387097e+01
   8.3680000e-01   5.6082698e-02   6.7020432e-02   7.5102695e-03   1.4114772e-01   3.9269908e-01   2.6290885e-03   5.3208578e-02   5.0520456e-02   2.7549848e-01  -1.3369198e-01   1.0868562e+00   2.7549848e-01  -1.5745618e+00   5.0000000e-01  -1.7990633e+00   2.7549848e-01   0.0000000e+00   0.0000000e+00   8.3680000e-01   5.1710603e-02   3.7430989e-02   0.0000000e+00   1.6666667e+01   8.3333333e+00
   8.7875862e-01   6.6719913e-02   7.5925188e-02   1.6506680e-01   3.6532472e-01   1.7180585e-01   2.4493052e-03   4.5183585e-01   3.1121690e-01  -1.1030180e+00  -1.6468465e-01   1.1172003e+00  -1.1030180e+00   0.0000000e+00  -1.1030180e+00   0.0000000e+00   0.0000000e+00   0.0000000e+00   0.0000000e+00   8.7875862e-01   7.2900084e-02   3.3356200e-02   0.0000000e+00   8.6206897e+00   2.5862069e+01
   9.3737500e-01   3.2154616e-02   3.4302831e-02   7.0657156e-02   4.6981130e-01   2.6998062e-01   1.4697747e-03   1.5039475e-01   1.3073317e-01  -1.1630339e+00  -1.0653652e-01   1.0603368e+00  -1.1630339e+00   0.0000000e+00  -1.1630339e+00   0.0000000e+00   0.0000000e+00   0.0000000e+00   0.0000000e+00   9.3737500e-01   3.7903112e-02   1.6656957e-02   0.0000000e+00   7.8125000e+00   3.9062500e+01
   9.8193548e-01   3.2411866e-02   3.3008142e-02   2.4990430e-02   2.3738271e-01   3.9269908e-01   1.5554370e-03   1.0527485e-01   9.5247670e-02   8.4899379e-01  -1.3369198e-01   1.0868562e+00   8.4899379e-01  -2.3610327e+00   5.0000000e-01  -2.0120390e+00   8.4899379e-01   0.0000000e+00   0.0000000e+00   9.8193548e-01   2.7704989e-02   2.1764216e-02   0.0000000e+00   4.0322581e+01   1.6129032e+01
   9.3350000e-01   3.1995967e-02   3.4275273e-02   5.5478852e-02   5.0465503e-01   3.1906800e-01   1.5719340e-03   1.0993421e-01   9.9045698e-02  -1.0495848e+00  -1.0653652e-01   1.0603368e+00  -1.0495848e+00   0.0000000e+00  -1.0495848e+00   0.0000000e+00   0.0000000e+00   0.0000000e+00   0.0000000e+00   9.3350000e-01   3.4069506e-02   2.0775519e-02   0.0000000e+00   1.5625000e+01   2.3437500e+01
   9.9786667e-01   3.0148750e-02   3.0213205e-02   2.0453734e-02   2.5649038e-01   3.6815539e-01   1.4385992e-03   7.9744644e-02   7.3855096e-02   1.0361238e+00  -1.3369198e-01   1.0868562e+00   1.0361238e+00  -2.6055259e+00   5.0000000e-01  -2.0694022e+00   1.0361238e+00   0.0000000e+00   0.0000000e+00   9.9786667e-01   2.5998501e-02   2.1231423e-02   0.0000000e+00   8.3333333e+00   4.1666667e+01
   9.7212903e-01   5.5411035e-02   5.6999671e-02   1.2487464e-01   5.1724757e-01   2.4543693e-01   7.0026560e-03   2.4142141e-01   1.9447176e-01   2.4139768e+00  -1.3369198e-01   1.0868562e+00   2.4139768e+00  -3.9091654e+00   5.0000000e-01  -1.9951886e+00   2.4139768e+00   0.0000000e+00   0.0000000e+00   9.7212903e-01   6.4914161e-02   2.8800154e-02   0.0000000e+00   8.0645161e+00   1.6129032e+01
   9.9293333e-01   3.1752201e-02   3.1978181e-02   4.2378892e-02   1.5276262e-01   3.9269908e-01   9.8545015e-04   2.7741664e-01   2.1717005e-01   9.3079974e-01  -1.3369198e-01   1.0868562e+00   9.3079974e-01  -2.3375247e+00   5.0000000e-01  -1.9067250e+00   9.3079974e-01   0.0000000e+00   0.0000000e+00   9.9293333e-01   2.2806150e-02   2.2208810e-02   0.0000000e+00   2.5000000e+01   1.6666667e+01
   9.8116129e-01   4.6523898e-02   4.7417177e-02   1.2597215e-01   4.4635540e-01   2.4543693e-01   5.2127122e-03   2.8222388e-01   2.2010500e-01   1.7598992e+00  -1.3369198e-01   1.0868562e+00   1.7598992e+00  -3.1134890e+00   5.0000000e-01  -1.8535898e+00   1.7598992e+00   0.0000000e+00   0.0000000e+00   9.8116129e-01   4.8005844e-02   2.8014915e-02   0.0000000e+00   8.0645161e+00   1.6129032e+01
   9.9360000e-01   4.2935075e-02   4.3211630e-02   2.8655361e-02   1.8562402e-01   3.9269908e-01   9.9887372e-04   1.5437313e-01   1.3372897e-01   1.1665923e+00  -1.3369198e-01   1.0868562e+00   1.1665923e+00  -2.8058734e+00   5.0000000e-01  -2.1392811e+00   1.1665923e+00   0.0000000e+00   0.0000000e+00   9.9360000e-01   3.5207877e-02   3.3565661e-02   0.0000000e+00   8.3333333e+00   1.6666667e+01
   9.7238710e-01   5.1040949e-02   5.2490360e-02   5.9539418e-02   4.7353316e-01   3.4361170e-01   9.2366299e-03   1.2573442e-01   1.1169102e-01   2.0744908e+00  -1.3369198e-01   1.0868562e+00   2.0744908e+00  -3.5277631e+00   5.0000000e-01  -1.9532724e+00   2.0744908e+00   0.0000000e+00   0.0000000e+00   9.7238710e-01   5.2933280e-02   3.3538272e-02   0.0000000e+00   1.6129032e+01   8.0645161e+00
   9.7973333e-01   2.9147583e-02   2.9750527e-02   2.9502263e-02   2.8083286e-01   3.4361170e-01   1.0613953e-03   1.0505274e-01   9.5065819e-02   1.2687128e+00  -1.3369198e-01   1.0868562e+00   1.2687128e+00  -2.8547324e+00   5.0000000e-01  -2.0860195e+00   1.2687128e+00   0.0000000e+00   0.0000000e+00   9.7973333e-01   2.2216317e-02   1.7085036e-02   0.0000000e+00   8.3333333e+00   2.5000000e+01
   9.7058065e-01   5.2607207e-02   5.4201789e-02   3.1318686e-02   4.1733932e-01   3.4361170e-01   7.8474263e-03   7.5043697e-02   6.9805253e-02   1.0604309e+00  -1.3369198e-01   1.0868562e+00   1.0604309e+00  -2.3202275e+00   5.0000000e-01  -1.7597965e+00   1.0604309e+00   0.0000000e+00   0.0000000e+00   9.7058065e-01   5.6022904e-02   3.3835262e-02   0.0000000e+00   8.0645161e+00   1.6129032e+01
   9.8451613e-01   5.4998104e-02   5.5863080e-02   8.3532688e-02   5.0091389e-01   3.1906800e-01   9.3207572e-03   1.6676057e-01   1.4292613e-01   2.5199227e+00  -1.3369198e-01   1.0868562e+00   2.5199227e+00  -4.0122571e+00   5.0000000e-01  -1.9923344e+00   2.5199227e+00   0.0000000e+00   0.0000000e+00   9.8451613e-01   5.4169910e-02   4.3007981e-02   0.0000000e+00   8.0645161e+00   1.6129032e+01
   9.9213333e-01   5.0601713e-02   5.1002936e-02   2.3574288e-02   3.6470117e-01   3.9269908e-01   9.2890106e-03   6.4640012e-02   6.0715370e-02   1.2607199e+00  -1.3369198e-01   1.0868562e+00   1.2607199e+00  -2.4955464e+00   5.0000000e-01  -1.7348264e+00   1.2607199e+00   0.0000000e+00   0.0000000e+00   9.9213333e-01   5.2291913e-02   3.0574429e-02   0.0000000e+00   1.6666667e+01   8.3333333e+00
   9.7365517e-01   4.0574689e-02   4.1672545e-02   3.9887012e-02   1.9198739e-01   3.9269908e-01   1.6187332e-03   2.0775850e-01   1.7201990e-01  -1.3242800e+00  -1.6468465e-01   1.1172003e+00  -1.3242800e+00   0.0000000e+00  -1.3242800e+00   0.0000000e+00   0.0000000e+00   0.0000000e+00   0.0000000e+00   9.7365517e-01   3.6680875e-02   3.0932155e-02   0.0000000e+00   8.6206897e+00   2.5862069e+01
   1.0074483e+00   4.7913304e-02   4.7559071e-02   8.4082110e-02   4.0916580e-01   2.9452431e-01   5.7871857e-03   2.0549643e-01   1.7046623e-01  -1.0261905e+00  -1.6468465e-01   1.1172003e+00  -1.0261905e+00   0.0000000e+00  -1.0261905e+00   0.0000000e+00   0.0000000e+00   0.0000000e+00   0.0000000e+00   1.0074483e+00   4.1511115e-02   3.1259651e-02   0.0000000e+00   8.6206897e+00   2.5862069e+01
   9.6300000e-01   3.3834512e-02   3.5134488e-02   5.6414404e-02   4.4966181e-01   3.4361170e-01   3.8793588e-03   1.2545963e-01   1.1147413e-01  -1.0090684e+00  -1.0653652e-01   1.0603368e+00  -1.0090684e+00   0.0000000e+00  -1.0090684e+00   0.0000000e+00   0.0000000e+00   0.0000000e+00   0.0000000e+00   9.6300000e-01   3.2792190e-02   2.4443255e-02   0.0000000e+00   1.5625000e+01   7.8125000e+00
   9.7040000e-01   2.6315853e-02   2.7118563e-02   1.9770819e-02   2.5655627e-01   3.9269908e-01   1.2854926e-03   7.7062311e-02   7.1548609e-02   8.3537496e-01  -1.3369198e-01   1.0868562e+00   8.3537496e-01  -2.4840799e+00   5.0000000e-01  -2.1487049e+00   8.3537496e-01   0.0000000e+00   0.0000000e+00   9.7040000e-01   2.6622166e-02   1.3360557e-02   0.0000000e+00   1.6666667e+01   5.0000000e+01
   9.6175000e-01   2.5901800e-02   2.6931947e-02   2.4164422e-02   2.8062688e-01   3.6815539e-01   1.6054443e-03   8.6108720e-02   7.9281861e-02  -1.1923973e+00  -1.0653652e-01   1.0603368e+00  -1.1923973e+00   0.0000000e+00  -1.1923973e+00   0.0000000e+00   0.0000000e+00   0.0000000e+00   0.0000000e+00   9.6175000e-01   2.1573347e-02   1.3808471e-02   0.0000000e+00   1.5625000e+01   3.1250000e+01
   9.5290323e-01   4.5322073e-02   4.7562094e-02   9.9945627e-02   4.6417127e-01   2.6998062e-01   6.1115590e-03   2.1532058e-01   1.7717184e-01   2.1302515e+00  -1.3369198e-01   1.0868562e+00   2.1302515e+00  -3.5739633e+00   5.0000000e-01  -1.9437118e+00   2.1302515e+00   0.0000000e+00   0.0000000e+00   9.5290323e-01   4.1940229e-02   3.2296310e-02   0.0000000e+00   8.0645161e+00   1.6129032e+01
   9.6825806e-01   3.5431594e-02   3.6593131e-02   8.8398626e-02   4.6688666e-01   2.4543693e-01   1.6977251e-03   1.8933637e-01   1.5919497e-01   1.8833812e+00  -1.3369198e-01   1.0868562e+00   1.8833812e+00  -3.4914250e+00   5.0000000e-01  -2.1080438e+00   1.8833812e+00   0.0000000e+00   0.0000000e+00   9.6825806e-01   3.7132052e-02   2.1875855e-02   0.0000000e+00   8.0645161e+00   2.4193548e+01
   9.5212500e-01   4.2093406e-02   4.4209958e-02   3.4916427e-02   4.2027527e-01   3.6815539e-01   6.8904597e-03   8.3079899e-02   7.6707083e-02  -9.3762988e-01  -1.0653652e-01   1.0603368e+00  -9.3762988e-01   0.0000000e+00  -9.3762988e-01   0.0000000e+00   0.0000000e+00   0.0000000e+00   0.0000000e+00   9.5212500e-01   3.8637436e-02   3.2118243e-02   0.0000000e+00   1.5625000e+01   7.8125000e+00
   9.3612500e-01   3.3117338e-02   3.5377047e-02   1.4640252e-01   4.8657009e-01   2.2089323e-01   3.0004519e-03   3.0088680e-01   2.3129361e-01  -9.7963461e-01  -1.0653652e-01   1.0603368e+00  -9.7963461e-01   0.0000000e+00  -9.7963461e-01   0.0000000e+00   0.0000000e+00   0.0000000e+00   0.0000000e+00   9.3612500e-01   3.3322320e-02   1.8883617e-02   0.0000000e+00   7.8125000e+00   2.3437500e+01
   9.6477419e-01   2.7624518e-02   2.8633143e-02   1.5848512e-02   1.4320856e-01   3.9269908e-01   4.6407697e-04   1.1066736e-01   9.9640416e-02   1.3734701e+00  -1.3369198e-01   1.0868562e+00   1.3734701e+00  -3.0045200e+00   5.0000000e-01  -2.1310500e+00   1.3734701e+00   0.0000000e+00   0.0000000e+00   9.6477419e-01   2.1295915e-02   1.7372061e-02   0.0000000e+00   1.6129032e+01   4.8387097e+01
   9.6645161e-01   5.2201430e-02   5.4013495e-02   1.1743763e-01   4.6640122e-01   2.4543693e-01   8.3441920e-03   2.5179529e-01   2.0114734e-01   2.4797401e+00  -1.3369198e-01   1.0868562e+00   2.4797401e+00  -3.9239876e+00   5.0000000e-01  -1.9442475e+00   2.4797401e+00   0.0000000e+00   0.0000000e+00   9.6645161e-01   5.6573930e-02   3.0216740e-02   0.0000000e+00   8.0645161e+00   1.6129032e+01
   9.5303226e-01   2.1539861e-02   2.2601397e-02   5.2248891e-02   4.2817479e-01   3.1906800e-01   1.3218380e-03   1.2202701e-01   1.0875586e-01   6.9481219e-01  -1.3369198e-01   1.0868562e+00   6.9481219e-01  -2.2947084e+00   5.0000000e-01  -2.0998962e+00   6.9481219e-01   0.0000000e+00   0.0000000e+00   9.5303226e-01   1.7221712e-02   1.6864295e-02   0.0000000e+00   8.0645161e+00   1.6129032e+01
   9.6283871e-01   5.1018361e-02   5.2987442e-02   3.3606639e-02   7.1395435e-02   3.9269908e-01   1.1065156e-03   4.7071132e-01   3.2005691e-01   1.0987277e+00  -1.3369198e-01   1.0868562e+00   1.0987277e+00  -2.5174790e+00   5.0000000e-01  -1.9187513e+00   1.0987277e+00   0.0000000e+00   0.0000000e+00   9.6283871e-01   5.2810178e-02   4.0047032e-02   0.0000000e+00   8.0645161e+00   1.6129032e+01
   9.5862500e-01   3.5872309e-02   3.7420586e-02   4.0207545e-02   5.0909815e-01   3.1906800e-01   3.3555985e-03   7.8977984e-02   7.3197030e-02  -1.0154542e+00  -1.0653652e-01   1.0603368e+00  -1.0154542e+00   0.0000000e+00  -1.0154542e+00   0.0000000e+00   0.0000000e+00   0.0000000e+00   0.0000000e+00   9.5862500e-01   3.9563888e-02   1.5278552e-02   0.0000000e+00   1.5625000e+01   2.3437500e+01
   9.3037500e-01   3.7822804e-02   4.0653289e-02   9.0178077e-02   3.5597594e-01   2.2089323e-01   1.2206635e-03   2.5332633e-01   2.0212320e-01  -1.1098386e+00  -1.0653652e-01   1.0603368e+00  -1.1098386e+00   0.0000000e+00  -1.1098386e+00   0.0000000e+00   0.0000000e+00   0.0000000e+00   0.0000000e+00   9.3037500e-01   4.7191528e-02   1.7762014e-02   0.0000000e+00   7.8125000e+00   2.3437500e+01
   9.3850000e-01   3.1344084e-02   3.3398065e-02   2.2639873e-02   4.3967560e-01   3.6815539e-01   3.1094002e-03   5.1492219e-02   4.8970614e-02  -1.1005141e+00  -1.0653652e-01   1.0603368e+00  -1.1005141e+00   0.0000000e+00  -1.1005141e+00   0.0000000e+00   0.0000000e+00   0.0000000e+00   0.0000000e+00   9.3850000e-01   3.6445009e-02   1.2900274e-02   0.0000000e+00   1.5625000e+01   7.8125000e+00
   9.2087500e-01   3.0322726e-02   3.2928168e-02   2.0050303e-02   2.9871224e-01   3.9269908e-01   2.2692060e-03   6.7122468e-02   6.2900435e-02  -1.0933337e+00  -1.0653652e-01   1.0603368e+00  -1.0933337e+00   0.0000000e+00  -1.0933337e+00   0.0000000e+00   0.0000000e+00   0.0000000e+00   0.0000000e+00   9.2087500e-01   2.7726919e-02   2.2104613e-02   0.0000000e+00   1.5625000e+01   2.3437500e+01
   9.4875000e-01   2.5991314e-02   2.7395324e-02   4.5268304e-02   4.3030286e-01   3.1906800e-01   1.1451619e-03   1.0520103e-01   9.5187234e-02  -1.1619109e+00  -1.0653652e-01   1.0603368e+00  -1.1619109e+00   0.0000000e+00  -1.1619109e+00   0.0000000e+00   0.0000000e+00   0.0000000e+00   0.0000000e+00   9.4875000e-01   2.3536390e-02   1.6112596e-02   0.0000000e+00   1.5625000e+01   4.6875000e+01
   9.4262500e-01   3.3995968e-02   3.6065209e-02   7.5591585e-02   4.6557053e-01   2.9452431e-01   3.6744538e-03   1.6236334e-01   1.3968381e-01  -1.0410834e+00  -1.0653652e-01   1.0603368e+00  -1.0410834e+00   0.0000000e+00  -1.0410834e+00   0.0000000e+00   0.0000000e+00   0.0000000e+00   0.0000000e+00   9.4262500e-01   3.2491531e-02   2.3250550e-02   0.0000000e+00   7.8125000e+00   1.5625000e+01
   9.5845161e-01   4.2428637e-02   4.4267897e-02   1.8824237e-02   3.0819788e-01   3.9269908e-01   5.6439606e-03   6.1078412e-02   5.7562581e-02   8.1255684e-01  -1.3369198e-01   1.0868562e+00   8.1255684e-01  -2.1204231e+00   5.0000000e-01  -1.8078663e+00   8.1255684e-01   0.0000000e+00   0.0000000e+00   9.5845161e-01   4.0121088e-02   2.7687145e-02   0.0000000e+00   1.6129032e+01   8.0645161e+00
   9.4675000e-01   3.2103663e-02   3.3909335e-02   6.4832975e-02   8.4926409e-02   3.9269908e-01   5.1615802e-04   7.6340182e-01   4.3291427e-01  -1.1148225e+00  -1.0653652e-01   1.0603368e+00  -1.1148225e+00   0.0000000e+00  -1.1148225e+00   0.0000000e+00   0.0000000e+00   0.0000000e+00   0.0000000e+00   9.4675000e-01   2.9796870e-02   2.0320039e-02   0.0000000e+00   1.5625000e+01   7.8125000e+00
   9.2612500e-01   3.4513906e-02   3.7267006e-02   1.0010694e-01   3.9280570e-01   2.2089323e-01   1.3728192e-03   2.5485105e-01   2.0309267e-01  -1.0902192e+00  -1.0653652e-01   1.0603368e+00  -1.0902192e+00   0.0000000e+00  -1.0902192e+00   0.0000000e+00   0.0000000e+00   0.0000000e+00   0.0000000e+00   9.2612500e-01   2.5131606e-02   2.4509584e-02   0.0000000e+00   2.3437500e+01   7.8125000e+00
   9.6141935e-01   5.5093118e-02   5.7303941e-02   4.6690192e-02   4.5263965e-01   3.1906800e-01   8.6975345e-03   1.0315091e-01   9.3505710e-02   9.8575569e-01  -1.3369198e-01   1.0868562e+00   9.8575569e-01  -2.2532903e+00   5.0000000e-01  -1.7675347e+00   9.8575569e-01   0.0000000e+00   0.0000000e+00   9.6141935e-01   5.5548785e-02   4.0402412e-02   0.0000000e+00   8.0645161e+00   1.6129032e+01
   9.1030303e-01   4.4777565e-02   4.9189735e-02   1.2262006e-01   4.1133192e-01   2.2089323e-01   2.8694078e-03   2.9810490e-01   2.2964623e-01  -9.2072222e-01  -1.0653652e-01   1.0603368e+00  -9.2072222e-01   0.0000000e+00  -9.2072222e-01   0.0000000e+00   0.0000000e+00   0.0000000e+00   0.0000000e+00   9.1030303e-01   4.1812833e-02   2.7990475e-02   0.0000000e+00   7.5757576e+00   2.2727273e+01
   9.2036364e-01   3.4064111e-02   3.7011578e-02   1.2549640e-02   3.6627177e-01   3.9269908e-01   3.6103192e-03   3.4263192e-02   3.3128117e-02  -1.0149034e+00  -1.0653652e-01   1.0603368e+00  -1.0149034e+00   0.0000000e+00  -1.0149034e+00   0.0000000e+00   0.0000000e+00   0.0000000e+00   0.0000000e+00   9.2036364e-01   3.8016345e-02   2.1694547e-02   0.0000000e+00   1.5151515e+01   2.2727273e+01
   9.1721212e-01   3.6131494e-02   3.9392735e-02   1.1868049e-01   3.6023652e-01   1.9634954e-01   1.4529942e-03   3.2945157e-01   2.4781013e-01  -1.1010507e+00  -1.0653652e-01   1.0603368e+00  -1.1010507e+00   0.0000000e+00  -1.1010507e+00   0.0000000e+00   0.0000000e+00   0.0000000e+00   0.0000000e+00   9.1721212e-01   3.9427031e-02   1.8904185e-02   0.0000000e+00   7.5757576e+00   2.2727273e+01
   9.3200000e-01   4.4449319e-02   4.7692402e-02   4.6999431e-02   2.9726216e-01   2.9452431e-01   3.0855641e-03   1.5810768e-01   1.3652244e-01  -1.0286417e+00  -1.0653652e-01   1.0603368e+00  -1.0286417e+00   0.0000000e+00  -1.0286417e+00   0.0000000e+00   0.0000000e+00   0.0000000e+00   0.0000000e+00   9.3200000e-01   4.3006744e-02   3.0411221e-02   0.0000000e+00   7.8125000e+00   2.3437500e+01
   9.3375000e-01   2.7897277e-02   2.9876602e-02   2.4612920e-02   3.2015931e-01   3.9269908e-01   2.3131728e-03   7.6877102e-02   7.1388928e-02  -1.0479465e+00  -1.0653652e-01   1.0603368e+00  -1.0479465e+00   0.0000000e+00  -1.0479465e+00   0.0000000e+00   0.0000000e+00   0.0000000e+00   0.0000000e+00   9.3375000e-01   2.8739060e-02   1.8747910e-02   0.0000000e+00   1.5625000e+01   4.6875000e+01
   9.4537500e-01   6.0744706e-02   6.4254615e-02   1.3807820e-01   5.1386152e-01   2.4543693e-01   1.1605731e-02   2.6870703e-01   2.1179596e-01  -7.2671943e-01  -1.0653652e-01   1.0603368e+00  -7.2671943e-01   0.0000000e+00  -7.2671943e-01   0.0000000e+00   0.0000000e+00   0.0000000e+00   0.0000000e+00   9.4537500e-01   6.2626083e-02   3.8362536e-02   0.0000000e+00   7.8125000e+00   1.5625000e+01
   9.2837500e-01   3.1925063e-02   3.4388112e-02   1.1231841e-01   3.8348513e-01   2.2089323e-01   2.3934317e-03   2.9288857e-01   2.2653814e-01  -9.9737986e-01  -1.0653652e-01   1.0603368e+00  -9.9737986e-01   0.0000000e+00  -9.9737986e-01   0.0000000e+00   0.0000000e+00   0.0000000e+00   0.0000000e+00   9.2837500e-01   3.3252883e-02   1.8028465e-02   0.0000000e+00   7.8125000e+00   2.3437500e+01
   9.3100000e-01   2.7619535e-02   2.9666525e-02   6.5583143e-02   4.6463928e-01   3.1906800e-01   1.7504659e-03   1.4114851e-01   1.2368987e-01  -1.1064685e+00  -1.0653652e-01   1.0603368e+00  -1.1064685e+00   0.0000000e+00  -1.1064685e+00   0.0000000e+00   0.0000000e+00   0.0000000e+00   0.0000000e+00   9.3100000e-01   2.3819813e-02   1.6728657e-02   0.0000000e+00   1.5625000e+01   4.6875000e+01
   9.3400000e-01   4.2050661e-02   4.5022121e-02   8.3068849e-02   4.6385612e-01   2.6998062e-01   4.3311119e-03   1.7908322e-01   1.5188345e-01  -1.0271062e+00  -1.0653652e-01   1.0603368e+00  -1.0271062e+00   0.0000000e+00  -1.0271062e+00   0.0000000e+00   0.0000000e+00   0.0000000e+00   0.0000000e+00   9.3400000e-01   3.6646834e-02   2.7044444e-02   0.0000000e+00   1.5625000e+01   7.8125000e+00
   9.3442424e-01   3.7589086e-02   4.0227002e-02   4.3224050e-02   4.6391548e-01   3.4361170e-01   5.2024815e-03   9.3172252e-02   8.5231080e-02  -9.7128193e-01  -1.0653652e-01   1.0603368e+00  -9.7128193e-01   0.0000000e+00  -9.7128193e-01   0.0000000e+00   0.0000000e+00   0.0000000e+00   0.0000000e+00   9.3442424e-01   3.1637289e-02   3.1158071e-02   0.0000000e+00   1.5151515e+01   7.5757576e+00
   9.3437500e-01   3.3801842e-02   3.6175884e-02   7.1395425e-02   2.7659569e-01   2.2089323e-01   1.4942195e-03   2.5812197e-01   2.0516450e-01  -1.0876328e+00  -1.0653652e-01   1.0603368e+00  -1.0876328e+00   0.0000000e+00  -1.0876328e+00   0.0000000e+00   0.0000000e+00   0.0000000e+00   0.0000000e+00   9.3437500e-01   3.1915788e-02   2.6001785e-02   0.0000000e+00   2.3437500e+01   7.8125000e+00
   9.4322581e-01   4.0666702e-02   4.3114492e-02   6.6263005e-02   4.7309938e-01   2.9452431e-01   2.4542856e-03   1.4006149e-01   1.2285433e-01   8.9028993e-01  -1.3369198e-01   1.0868562e+00   8.9028993e-01  -2.3872154e+00   5.0000000e-01  -1.9969255e+00   8.9028993e-01   0.0000000e+00   0.0000000e+00   9.4322581e-01   4.9854142e-02   1.3330997e-02   0.0000000e+00   8.0645161e+00   1.6129032e+01
   9.2727273e-01   2.8956080e-02   3.1227145e-02   8.4884969e-02   3.2300223e-01   2.2089323e-01   9.5300662e-04   2.6279995e-01   2.0810893e-01  -1.1216023e+00  -1.0653652e-01   1.0603368e+00  -1.1216023e+00   0.0000000e+00  -1.1216023e+00   0.0000000e+00   0.0000000e+00   0.0000000e+00   0.0000000e+00   9.2727273e-01   2.6440763e-02   1.9131110e-02   0.0000000e+00   7.5757576e+00   1.5151515e+01
   9.4862500e-01   6.3936334e-02   6.7398956e-02   1.0628566e-01   6.0056995e-01   2.4543693e-01   7.5014490e-03   1.7697465e-01   1.5036403e-01  -8.0647286e-01  -1.0653652e-01   1.0603368e+00  -8.0647286e-01   0.0000000e+00  -8.0647286e-01   0.0000000e+00   0.0000000e+00   0.0000000e+00   0.0000000e+00   9.4862500e-01   5.6159953e-02   5.4036120e-02   0.0000000e+00   1.5625000e+01   2.3437500e+01
   9.6787097e-01   6.2631058e-02   6.4710132e-02   1.5476624e-01   4.5217324e-01   1.9634954e-01   9.4059459e-03   3.4227200e-01   2.5499452e-01   1.8006037e+00  -1.3369198e-01   1.0868562e+00   1.8006037e+00  -3.0577816e+00   5.0000000e-01  -1.7571779e+00   1.8006037e+00   0.0000000e+00   0.0000000e+00   9.6787097e-01   7.1022600e-02   3.7796792e-02   0.0000000e+00   8.0645161e+00   1.6129032e+01
   9.4516129e-01   3.0361266e-02   3.2122841e-02   4.1062724e-02   3.6568966e-01   3.1906800e-01   1.1697555e-03   1.1228845e-01   1.0095263e-01   4.2332599e-01  -1.3369198e-01   1.0868562e+00   4.2332599e-01  -1.9638197e+00   5.0000000e-01  -2.0404937e+00   4.2332599e-01   0.0000000e+00   0.0000000e+00   9.4516129e-01   2.9933969e-02   1.6585921e-02   0.0000000e+00   1.6129032e+01   4.0322581e+01
   9.5362500e-01   4.7392493e-02   4.9697201e-02   7.2369020e-02   5.6726394e-01   2.9452431e-01   7.3890878e-03   1.2757557e-01   1.1314148e-01  -8.6670769e-01  -1.0653652e-01   1.0603368e+00  -8.6670769e-01   0.0000000e+00  -8.6670769e-01   0.0000000e+00   0.0000000e+00   0.0000000e+00   0.0000000e+00   9.5362500e-01   5.2721961e-02   2.5167111e-02   0.0000000e+00   1.5625000e+01   7.8125000e+00
   9.5329032e-01   4.0376721e-02   4.2355114e-02   5.8034579e-02   4.5617976e-01   3.1906800e-01   5.1687407e-03   1.2721866e-01   1.1286068e-01   1.5501771e+00  -1.3369198e-01   1.0868562e+00   1.5501771e+00  -3.0568932e+00   5.0000000e-01  -2.0067162e+00   1.5501771e+00   0.0000000e+00   0.0000000e+00   9.5329032e-01   3.3903671e-02   2.8296763e-02   0.0000000e+00   1.6129032e+01   8.0645161e+00
   9.3112500e-01   3.4763487e-02   3.7334930e-02   1.1007379e-01   5.2913281e-01   2.4543693e-01   2.6613799e-03   2.0802678e-01   1.7220378e-01  -1.0037704e+00  -1.0653652e-01   1.0603368e+00  -1.0037704e+00   0.0000000e+00  -1.0037704e+00   0.0000000e+00   0.0000000e+00   0.0000000e+00   0.0000000e+00   9.3112500e-01   2.6503066e-02   2.2873336e-02   0.0000000e+00   2.3437500e+01   7.8125000e+00
   9.4787500e-01   3.8116756e-02   4.0212851e-02   4.6672281e-02   2.0639255e-01   3.9269908e-01   1.5560704e-03   2.2613355e-01   1.8442816e-01  -1.0626312e+00  -1.0653652e-01   1.0603368e+00  -1.0626312e+00   0.0000000e+00  -1.0626312e+00   0.0000000e+00   0.0000000e+00   0.0000000e+00   0.0000000e+00   9.4787500e-01   3.9637471e-02   2.3042876e-02   0.0000000e+00   7.8125000e+00   2.3437500e+01
   9.4912500e-01   4.0490341e-02   4.2660705e-02   4.3996129e-02   4.4045854e-01   3.4361170e-01   4.4402594e-03   9.9887104e-02   9.0815779e-02  -1.0189157e+00  -1.0653652e-01   1.0603368e+00  -1.0189157e+00   0.0000000e+00  -1.0189157e+00   0.0000000e+00   0.0000000e+00   0.0000000e+00   0.0000000e+00   9.4912500e-01   3.7974959e-02   3.0556467e-02   0.0000000e+00   1.5625000e+01   2.3437500e+01
   9.3437500e-01   2.6839727e-02   2.8724792e-02   1.6837893e-02   2.3501660e-01   3.9269908e-01   7.1026611e-04   7.1645547e-02   6.6855639e-02  -1.2015334e+00  -1.0653652e-01   1.0603368e+00  -1.2015334e+00   0.0000000e+00  -1.2015334e+00   0.0000000e+00   0.0000000e+00   0.0000000e+00   0.0000000e+00   9.3437500e-01   2.1729067e-02   2.1407199e-02   0.0000000e+00   7.8125000e+00   1.5625000e+01
   9.5329032e-01   4.6088461e-02   4.8346721e-02   8.9569667e-02   4.0861126e-01   2.6998062e-01   5.4303628e-03   2.1920509e-01   1.7979345e-01   1.1908892e+00  -1.3369198e-01   1.0868562e+00   1.1908892e+00  -2.5799447e+00   5.0000000e-01  -1.8890555e+00   1.1908892e+00   0.0000000e+00   0.0000000e+00   9.5329032e-01   5.1290855e-02   2.4197013e-02   0.0000000e+00   8.0645161e+00   2.4193548e+01
   9.6116129e-01   5.8196848e-02   6.0548473e-02   1.9500808e-01   5.2351079e-01   1.9634954e-01   9.7027716e-03   3.7250059e-01   2.7140286e-01   2.1737880e+00  -1.3369198e-01   1.0868562e+00   2.1737880e+00  -3.4959378e+00   5.0000000e-01  -1.8221498e+00   2.1737880e+00   0.0000000e+00   0.0000000e+00   9.6116129e-01   7.0291539e-02   3.1037057e-02   0.0000000e+00   8.0645161e+00   1.6129032e+01
   9.3290323e-01   4.7952306e-02   5.1401158e-02   3.0778997e-02   3.1296952e-01   3.1906800e-01   5.1594716e-03   9.8345030e-02   8.9539286e-02   1.9886705e-01  -1.3369198e-01   1.0868562e+00   1.9886705e-01  -1.4073407e+00   5.0000000e-01  -1.7084736e+00   1.9886705e-01   0.0000000e+00   0.0000000e+00   9.3290323e-01   4.1933635e-02   2.4096513e-02   0.0000000e+00   1.6129032e+01   8.0645161e+00
   9.4612500e-01   2.8538316e-02   3.0163367e-02   6.1359368e-02   3.8749843e-01   2.9452431e-01   2.1478066e-03   1.5834740e-01   1.3670113e-01  -1.1750620e+00  -1.0653652e-01   1.0603368e+00  -1.1750620e+00   0.0000000e+00  -1.1750620e+00   0.0000000e+00   0.0000000e+00   0.0000000e+00   0.0000000e+00   9.4612500e-01   2.5136196e-02   1.7774266e-02   0.0000000e+00   7.8125000e+00   1.5625000e+01
   9.4675000e-01   3.5999104e-02   3.8023875e-02   1.1008672e-01   4.2538238e-01   2.4543693e-01   3.5395537e-03   2.5879474e-01   2.0558931e-01  -9.3938578e-01  -1.0653652e-01   1.0603368e+00  -9.3938578e-01   0.0000000e+00  -9.3938578e-01   0.0000000e+00   0.0000000e+00   0.0000000e+00   0.0000000e+00   9.4675000e-01   3.4817387e-02   2.7685761e-02   0.0000000e+00   7.8125000e+00   2.3437500e+01
   9.6787097e-01   3.4586839e-02   3.5734969e-02   8.4549273e-02   3.3704934e-01   2.4543693e-01   1.5045270e-03   2.5085132e-01   2.0054447e-01   1.5721833e+00  -1.3369198e-01   1.0868562e+00   1.5721833e+00  -3.1354142e+00   5.0000000e-01  -2.0632309e+00   1.5721833e+00   0.0000000e+00   0.0000000e+00   9.6787097e-01   3.6375741e-02   1.9506779e-02   0.0000000e+00   8.0645161e+00   2.4193548e+01
   9.5161290e-01   4.1135287e-02   4.3226912e-02   5.8672057e-02   5.9545355e-01   2.9452431e-01   4.5228167e-03   9.8533390e-02   8.9695398e-02   5.0934933e-01  -1.3369198e-01   1.0868562e+00   5.0934933e-01  -1.8440302e+00   5.0000000e-01  -1.8346809e+00   5.0934933e-01   0.0000000e+00   0.0000000e+00   9.5161290e-01   4.4603900e-02   2.9502524e-02   0.0000000e+00   8.0645161e+00   1.6129032e+01
   9.5500000e-01   3.7357903e-02   3.9118223e-02   7.3962223e-02   2.7321816e-01   2.2089323e-01   3.8661196e-04   2.7070756e-01   2.1303687e-01  -1.3213646e+00  -1.0653652e-01   1.0603368e+00  -1.3213646e+00   0.0000000e+00  -1.3213646e+00   0.0000000e+00   0.0000000e+00   0.0000000e+00   0.0000000e+00   9.5500000e-01   4.5086898e-02   1.6150135e-02   0.0000000e+00   7.8125000e+00   1.5625000e+01
   9.2837500e-01   3.1518300e-02   3.3949966e-02   1.0728129e-01   5.7362621e-01   2.6998062e-01   2.6515949e-03   1.8702299e-01   1.5755633e-01  -1.0481254e+00  -1.0653652e-01   1.0603368e+00  -1.0481254e+00   0.0000000e+00  -1.0481254e+00   0.0000000e+00   0.0000000e+00   0.0000000e+00   0.0000000e+00   9.2837500e-01   2.7717889e-02   2.5622277e-02   0.0000000e+00   1.5625000e+01   7.8125000e+00
   9.5445161e-01   2.8819945e-02   3.0195292e-02   4.2614979e-02   2.9892402e-01   3.9269908e-01   2.2924214e-03   1.4256124e-01   1.2477339e-01   8.5454658e-01  -1.3369198e-01   1.0868562e+00   8.5454658e-01  -2.4922509e+00   5.0000000e-01  -2.1377043e+00   8.5454658e-01   0.0000000e+00   0.0000000e+00   9.5445161e-01   2.2336895e-02   1.9975427e-02   0.0000000e+00   8.0645161e+00   1.6129032e+01
   9.4575000e-01   3.0512821e-02   3.2263094e-02   1.2680991e-01   3.4999796e-01   1.9634954e-01   1.2014144e-03   3.6231613e-01   2.6595599e-01  -1.0832727e+00  -1.0653652e-01   1.0603368e+00  -1.0832727e+00   0.0000000e+00  -1.0832727e+00   0.0000000e+00   0.0000000e+00   0.0000000e+00   0.0000000e+00   9.4575000e-01   2.0218561e-02   1.9738135e-02   0.0000000e+00   7.8125000e+00   2.3437500e+01
   9.4350000e-01   4.3908997e-02   4.6538417e-02   1.0399567e-01   5.0647407e-01   2.4543693e-01   2.9038190e-03   2.0533267e-01   1.7035353e-01  -9.6336106e-01  -1.0653652e-01   1.0603368e+00  -9.6336106e-01   0.0000000e+00  -9.6336106e-01   0.0000000e+00   0.0000000e+00   0.0000000e+00   0.0000000e+00   9.4350000e-01   4.6600317e-02   2.8579740e-02   0.0000000e+00   7.8125000e+00   2.3437500e+01
   9.4300000e-01   3.6590145e-02   3.8801850e-02   2.4648896e-02   3.8994970e-01   3.9269908e-01   4.5006093e-03   6.3210450e-02   5.9452435e-02  -1.0440656e+00  -1.0653652e-01   1.0603368e+00  -1.0440656e+00   0.0000000e+00  -1.0440656e+00   0.0000000e+00   0.0000000e+00   0.0000000e+00   0.0000000e+00   9.4300000e-01   3.3667165e-02   2.8500692e-02   0.0000000e+00   1.5625000e+01   7.8125000e+00
   9.9093333e-01   5.0047518e-02   5.0505434e-02   5.2436272e-02   4.2476702e-01   3.6815539e-01   9.4873229e-03   1.2344714e-01   1.0988246e-01   1.4907054e+00  -1.3369198e-01   1.0868562e+00   1.4907054e+00  -2.9003017e+00   5.0000000e-01  -1.9095964e+00   1.4907054e+00   0.0000000e+00   0.0000000e+00   9.9093333e-01   5.2483254e-02   3.5302012e-02   0.0000000e+00   1.6666667e+01   8.3333333e+00
   9.6593548e-01   3.8211635e-02   3.9559200e-02   9.8523182e-02   4.8868875e-01   2.9452431e-01   3.5097709e-03   2.0160722e-01   1.6778130e-01   2.1649424e+00  -1.3369198e-01   1.0868562e+00   2.1649424e+00  -3.7959381e+00   5.0000000e-01  -2.1309957e+00   2.1649424e+00   0.0000000e+00   0.0000000e+00   9.6593548e-01   3.5913744e-02   3.0218772e-02   0.0000000e+00   8.0645161e+00   1.6129032e+01
   9.7470968e-01   4.6100031e-02   4.7296167e-02   4.2558598e-02   4.6295420e-01   3.1906800e-01   2.5073722e-03   9.1928312e-02   8.4188963e-02   7.4542123e-01  -1.3369198e-01   1.0868562e+00   7.4542123e-01  -2.0989488e+00   5.0000000e-01  -1.8535276e+00   7.4542123e-01   0.0000000e+00   0.0000000e+00   9.7470968e-01   4.7460877e-02   3.4944105e-02   0.0000000e+00   1.6129032e+01   2.4193548e+01
   9.8560000e-01   3.5117144e-02   3.5630219e-02   4.2629712e-02   4.3946826e-01   3.4361170e-01   3.9253854e-03   9.7002936e-02   8.8425411e-02   7.0275902e-01  -1.3369198e-01   1.0868562e+00   7.0275902e-01  -2.0604173e+00   5.0000000e-01  -1.8576583e+00   7.0275902e-01   0.0000000e+00   0.0000000e+00   9.8560000e-01   3.3445433e-02   2.7944408e-02   0.0000000e+00   8.3333333e+00   1.6666667e+01
   9.5925000e-01   3.4907250e-02   3.6390149e-02   8.1456591e-02   3.6110481e-01   3.9269908e-01   2.0129028e-03   2.2557603e-01   1.8405715e-01  -9.6463328e-01  -1.0653652e-01   1.0603368e+00  -9.6463328e-01   0.0000000e+00  -9.6463328e-01   0.0000000e+00   0.0000000e+00   0.0000000e+00   0.0000000e+00   9.5925000e-01   2.7728074e-02   2.5208241e-02   0.0000000e+00   1.5625000e+01   7.8125000e+00
   9.6696774e-01   4.1078367e-02   4.2481631e-02   7.9110517e-02   4.5991522e-01   2.4543693e-01   1.7418694e-03   1.7201109e-01   1.4676575e-01   2.6294397e-01  -1.3369198e-01   1.0868562e+00   2.6294397e-01  -1.6284530e+00   5.0000000e-01  -1.8655091e+00   2.6294397e-01   0.0000000e+00   0.0000000e+00   9.6696774e-01   4.4638648e-02   2.6030157e-02   0.0000000e+00   8.0645161e+00   2.4193548e+01
   9.7266667e-01   3.2969509e-02   3.3895999e-02   6.3818481e-02   4.6882438e-01   2.9452431e-01   1.3201063e-03   1.3612449e-01   1.1981477e-01   9.2318169e-01  -1.3369198e-01   1.0868562e+00   9.2318169e-01  -2.4955129e+00   5.0000000e-01  -2.0723312e+00   9.2318169e-01   0.0000000e+00   0.0000000e+00   9.7266667e-01   3.8860523e-02   1.6991825e-02   0.0000000e+00   8.3333333e+00   1.6666667e+01
   9.6300000e-01   5.7849638e-02   6.0072314e-02   1.2127415e-01   4.7094402e-01   2.4543693e-01   4.0241158e-03   2.5751287e-01   2.0477951e-01  -8.7768958e-01  -1.0653652e-01   1.0603368e+00  -8.7768958e-01   0.0000000e+00  -8.7768958e-01   0.0000000e+00   0.0000000e+00   0.0000000e+00   0.0000000e+00   9.6300000e-01   4.9050112e-02   4.7285465e-02   0.0000000e+00   1.5625000e+01   2.3437500e+01
   9.7920000e-01   5.3267315e-02   5.4398811e-02   1.4109655e-01   5.3738539e-01   2.4543693e-01   7.7623497e-03   2.6256119e-01   2.0795918e-01   2.1785149e+00  -1.3369198e-01   1.0868562e+00   2.1785149e+00  -3.6476949e+00   5.0000000e-01  -1.9691800e+00   2.1785149e+00   0.0000000e+00   0.0000000e+00   9.7920000e-01   5.4533934e-02   2.7712796e-02   0.0000000e+00   8.3333333e+00   1.6666667e+01
   9.6300000e-01   5.5332426e-02   5.7458387e-02   1.2575419e-01   5.3230569e-01   2.4543693e-01   5.7676258e-03   2.3624432e-01   1.9109841e-01  -8.3998725e-01  -1.0653652e-01   1.0603368e+00  -8.3998725e-01   0.0000000e+00  -8.3998725e-01   0.0000000e+00   0.0000000e+00   0.0000000e+00   0.0000000e+00   9.6300000e-01   4.5864258e-02   4.0652817e-02   0.0000000e+00   1.5625000e+01   7.8125000e+00
   9.6490323e-01   3.6598137e-02   3.7929335e-02   2.0802804e-01   4.2733718e-01   1.7180585e-01   3.2751154e-03   4.8680070e-01   3.2741490e-01   2.2527123e+00  -1.3369198e-01   1.0868562e+00   2.2527123e+00  -3.8253146e+00   5.0000000e-01  -2.0726023e+00   2.2527123e+00   0.0000000e+00   0.0000000e+00   9.6490323e-01   4.4298581e-02   1.3963788e-02   0.0000000e+00   8.0645161e+00   1.6129032e+01
   9.3974194e-01   3.1680665e-02   3.3712090e-02   4.8300995e-02   4.0698423e-01   2.9452431e-01   2.4286974e-03   1.1868026e-01   1.0608953e-01   3.0771026e-01  -1.3369198e-01   1.0868562e+00   3.0771026e-01  -1.7949971e+00   5.0000000e-01  -1.9872869e+00   3.0771026e-01   0.0000000e+00   0.0000000e+00   9.3974194e-01   2.4847320e-02   2.1090182e-02   0.0000000e+00   8.0645161e+00   4.0322581e+01
   9.7445161e-01   4.9924502e-02   5.1233434e-02   8.3836254e-02   4.2643114e-01   2.4543693e-01   2.5598725e-03   1.9659975e-01   1.6429867e-01   3.2228581e-01  -1.3369198e-01   1.0868562e+00   3.2228581e-01  -1.6006961e+00   5.0000000e-01  -1.7784103e+00   3.2228581e-01   0.0000000e+00   0.0000000e+00   9.7445161e-01   4.3816653e-02   3.1889730e-02   0.0000000e+00   2.4193548e+01   3.2258065e+01
   9.8683871e-01   4.1687006e-02   4.2242978e-02   4.4779608e-02   5.1238304e-01   3.1906800e-01   2.8459045e-03   8.7394791e-02   8.0370802e-02   7.4937756e-01  -1.3369198e-01   1.0868562e+00   7.4937756e-01  -2.0406995e+00   5.0000000e-01  -1.7913220e+00   7.4937756e-01   0.0000000e+00   0.0000000e+00   9.8683871e-01   4.2004342e-02   2.4598306e-02   0.0000000e+00   1.6129032e+01   2.4193548e+01
   9.7840000e-01   6.7110614e-02   6.8592205e-02   5.4353714e-02   3.9325570e-01   3.4361170e-01   4.7399244e-03   1.3821469e-01   1.2143112e-01   8.2724184e-01  -1.3369198e-01   1.0868562e+00   8.2724184e-01  -2.1929427e+00   5.0000000e-01  -1.8657008e+00   8.2724184e-01   0.0000000e+00   0.0000000e+00   9.7840000e-01   5.8641714e-02   5.4663518e-02   0.0000000e+00   1.6666667e+01   8.3333333e+00
   8.3311111e-01   4.5561708e-02   5.4688634e-02   4.9542027e-02   1.9377037e-01   3.9269908e-01   3.2732806e-03   2.5567390e-01   2.0361489e-01   0.0000000e+00  -4.6999539e-01   1.4198965e+00   8.2724184e-01  -2.1929427e+00   5.0000000e-01  -1.8657008e+00   0.0000000e+00   0.0000000e+00   0.0000000e+00   8.3311111e-01   4.9258067e-02   2.3123928e-02   0.0000000e+00   1.3888889e+01   4.1666667e+01
   8.5155556e-01   4.0666198e-02   4.7755191e-02   1.9178899e-01   5.7557693e-01   2.2089323e-01   6.9086487e-03   3.3321174e-01   2.4993160e-01   3.2762214e+00  -6.1098077e-02   1.0161122e+00   3.2762214e+00  -5.1407527e+00   5.0000000e-01  -2.1447066e+00   3.2762214e+00   0.0000000e+00   0.0000000e+00   8.5155556e-01   4.6757108e-02   2.0970239e-02   0.0000000e+00   6.9444444e+00   1.3888889e+01
   8.9260606e-01   3.2343797e-02   3.6235243e-02   3.9508179e-02   2.6406641e-01   2.6998062e-01   9.3342884e-04   1.4961455e-01   1.3014323e-01  -1.2092702e+00  -1.0653652e-01   1.0603368e+00  -1.2092702e+00   0.0000000e+00  -1.2092702e+00   0.0000000e+00   0.0000000e+00   0.0000000e+00   0.0000000e+00   8.9260606e-01   3.1457607e-02   1.5586706e-02   0.0000000e+00   7.5757576e+00   5.3030303e+01
   9.1296970e-01   4.7095969e-02   5.1585468e-02   1.2210723e-01   2.2433892e-01   1.7180585e-01   3.1563140e-03   5.4429801e-01   3.5245659e-01  -8.6840124e-01  -1.0653652e-01   1.0603368e+00  -8.6840124e-01   0.0000000e+00  -8.6840124e-01   0.0000000e+00   0.0000000e+00   0.0000000e+00   0.0000000e+00   9.1296970e-01   4.3394317e-02   2.9300846e-02   0.0000000e+00   7.5757576e+00   4.5454545e+01
   8.9612121e-01   2.5228651e-02   2.8153168e-02   1.6184284e-02   5.4588794e-02   2.2089323e-01   1.4509357e-04   2.9647630e-01   2.2867853e-01  -1.3199356e+00  -1.0653652e-01   1.0603368e+00  -1.3199356e+00   0.0000000e+00  -1.3199356e+00   0.0000000e+00   0.0000000e+00   0.0000000e+00   0.0000000e+00   8.9612121e-01   2.8626077e-02   1.5071901e-02   0.0000000e+00   4.5454545e+01   7.5757576e+00
   9.0969697e-01   4.5935066e-02   5.0494910e-02   1.2038727e-02   1.5209263e-01   3.9269908e-01   1.1822115e-03   7.9153910e-02   7.3348119e-02  -1.1708942e+00  -1.0653652e-01   1.0603368e+00  -1.1708942e+00   0.0000000e+00  -1.1708942e+00   0.0000000e+00   0.0000000e+00   0.0000000e+00   0.0000000e+00   9.0969697e-01   4.4047298e-02   3.5624302e-02   0.0000000e+00   7.5757576e+00   4.5454545e+01
   8.8200000e-01   4.5895798e-02   5.2036052e-02   8.6219063e-02   5.1078689e-01   2.6998062e-01   6.4264540e-03   1.6879655e-01   1.4441910e-01  -1.2429983e+00  -9.4171848e-02   1.0482835e+00  -1.2429983e+00   0.0000000e+00  -1.2429983e+00   0.0000000e+00   0.0000000e+00   0.0000000e+00   0.0000000e+00   8.8200000e-01   4.0884442e-02   3.1480638e-02   0.0000000e+00   7.3529412e+00   1.4705882e+01
   9.1587879e-01   6.0120586e-02   6.5642514e-02   4.1994630e-02   3.9178396e-01   3.4361170e-01   8.9280708e-03   1.0718823e-01   9.6811211e-02  -8.4146618e-01  -1.0653652e-01   1.0603368e+00  -8.4146618e-01   0.0000000e+00  -8.4146618e-01   0.0000000e+00   0.0000000e+00   0.0000000e+00   0.0000000e+00   9.1587879e-01   5.9445711e-02   3.6917695e-02   0.0000000e+00   7.5757576e+00   1.5151515e+01
   9.1454545e-01   4.3183541e-02   4.7218583e-02   7.1919704e-02   5.2811250e-02   1.7180585e-01   5.6739739e-04   1.3618254e+00   5.7659868e-01  -1.0836929e+00  -1.0653652e-01   1.0603368e+00  -1.0836929e+00   0.0000000e+00  -1.0836929e+00   0.0000000e+00   0.0000000e+00   0.0000000e+00   0.0000000e+00   9.1454545e-01   3.8818837e-02   2.9622341e-02   0.0000000e+00   7.5757576e+00   3.7878788e+01
   9.0957576e-01   4.3519414e-02   4.7845838e-02   1.3166118e-01   1.2255791e-01   1.7180585e-01   1.3288766e-03   1.0742773e+00   5.1790438e-01  -9.8481710e-01  -1.0653652e-01   1.0603368e+00  -9.8481710e-01   0.0000000e+00  -9.8481710e-01   0.0000000e+00   0.0000000e+00   0.0000000e+00   0.0000000e+00   9.0957576e-01   3.8216297e-02   2.6006566e-02   0.0000000e+00   7.5757576e+00   4.5454545e+01
   8.9470588e-01   4.1647532e-02   4.6548852e-02   3.5559313e-03   1.0096072e-01   3.4361170e-01   3.7742157e-04   3.5220938e-02   3.4022629e-02  -1.4459988e+00  -9.4171848e-02   1.0482835e+00  -1.4459988e+00   0.0000000e+00  -1.4459988e+00   0.0000000e+00   0.0000000e+00   0.0000000e+00   0.0000000e+00   8.9470588e-01   3.0556875e-02   2.6808341e-02   0.0000000e+00   1.4705882e+01   7.3529412e+00
   9.2237500e-01   3.4556872e-02   3.7465101e-02   3.5588214e-02   1.9421843e-01   3.1906800e-01   9.2998318e-04   1.8323809e-01   1.5486156e-01  -1.1392934e+00  -1.0653652e-01   1.0603368e+00  -1.1392934e+00   0.0000000e+00  -1.1392934e+00   0.0000000e+00   0.0000000e+00   0.0000000e+00   0.0000000e+00   9.2237500e-01   2.7389393e-02   2.6668348e-02   0.0000000e+00   3.9062500e+01   1.5625000e+01
   9.2787500e-01   7.2296767e-02   7.7916495e-02   8.3194976e-02   5.3852495e-01   2.9452431e-01   5.8962711e-03   1.5448676e-01   1.3381423e-01  -9.5242382e-01  -1.0653652e-01   1.0603368e+00  -9.5242382e-01   0.0000000e+00  -9.5242382e-01   0.0000000e+00   0.0000000e+00   0.0000000e+00   0.0000000e+00   9.2787500e-01   8.9270531e-02   3.1301455e-02   0.0000000e+00   7.8125000e+00   1.5625000e+01
   9.1248485e-01   4.1203854e-02   4.5155658e-02   9.5034889e-02   1.4844365e-01   1.7180585e-01   1.1682332e-03   6.4020851e-01   3.9032142e-01  -1.0607201e+00  -1.0653652e-01   1.0603368e+00  -1.0607201e+00   0.0000000e+00  -1.0607201e+00   0.0000000e+00   0.0000000e+00   0.0000000e+00   0.0000000e+00   9.1248485e-01   3.1245096e-02   2.3664322e-02   0.0000000e+00   7.5757576e+00   4.5454545e+01
   9.1830303e-01   4.0558973e-02   4.4167308e-02   1.5194687e-01   3.3922758e-01   1.7180585e-01   3.3201343e-03   4.4792017e-01   3.0935419e-01  -9.1143692e-01  -1.0653652e-01   1.0603368e+00  -9.1143692e-01   0.0000000e+00  -9.1143692e-01   0.0000000e+00   0.0000000e+00   0.0000000e+00   0.0000000e+00   9.1830303e-01   4.0858764e-02   2.7104732e-02   0.0000000e+00   7.5757576e+00   4.5454545e+01
   9.0460606e-01   3.0612436e-02   3.3840626e-02   8.5535832e-02   1.5441191e-01   1.7180585e-01   8.5299388e-04   5.5394582e-01   3.5647692e-01  -1.0154186e+00  -1.0653652e-01   1.0603368e+00  -1.0154186e+00   0.0000000e+00  -1.0154186e+00   0.0000000e+00   0.0000000e+00   0.0000000e+00   0.0000000e+00   9.0460606e-01   2.8165834e-02   2.0964610e-02   0.0000000e+00   3.7878788e+01   7.5757576e+00
   8.8400000e-01   2.7431457e-02   3.1031060e-02   3.2191145e-03   8.9596629e-02   3.9269908e-01   2.8852316e-04   3.5928970e-02   3.4682851e-02  -1.5075014e+00  -9.4171848e-02   1.0482835e+00  -1.5075014e+00   0.0000000e+00  -1.5075014e+00   0.0000000e+00   0.0000000e+00   0.0000000e+00   0.0000000e+00   8.8400000e-01   2.1193383e-02   1.8293485e-02   0.0000000e+00   1.4705882e+01   2.2058824e+01
   8.9082353e-01   3.1764732e-02   3.5657716e-02   1.1122323e-02   1.6714570e-01   3.9269908e-01   9.0019642e-04   6.6542683e-02   6.2391018e-02  -1.4793503e+00  -9.4171848e-02   1.0482835e+00  -1.4793503e+00   0.0000000e+00  -1.4793503e+00   0.0000000e+00   0.0000000e+00   0.0000000e+00   0.0000000e+00   8.9082353e-01   2.3419456e-02   2.0539812e-02   0.0000000e+00   2.2058824e+01   1.4705882e+01
   9.2075000e-01   4.7333409e-02   5.1407449e-02   1.2201763e-01   3.2658411e-01   1.9634954e-01   2.0701425e-03   3.7361778e-01   2.7199545e-01  -1.0666762e+00  -1.0653652e-01   1.0603368e+00  -1.0666762e+00   0.0000000e+00  -1.0666762e+00   0.0000000e+00   0.0000000e+00   0.0000000e+00   0.0000000e+00   9.2075000e-01   4.5485433e-02   2.3732154e-02   0.0000000e+00   7.8125000e+00   4.6875000e+01
   9.2690909e-01   5.9196898e-02   6.3864837e-02   1.6840341e-01   5.4312665e-01   2.2089323e-01   7.5344474e-03   3.1006287e-01   2.3667786e-01  -8.4414456e-01  -1.0653652e-01   1.0603368e+00  -8.4414456e-01   0.0000000e+00  -8.4414456e-01   0.0000000e+00   0.0000000e+00   0.0000000e+00   0.0000000e+00   9.2690909e-01   6.6057628e-02   3.7257221e-02   0.0000000e+00   7.5757576e+00   1.5151515e+01
   9.2162500e-01   4.9491446e-02   5.3700199e-02   1.9239040e-02   1.3861181e-02   1.7180585e-01   1.1718583e-04   1.3879799e+00   5.8123600e-01  -1.2958031e+00  -1.0653652e-01   1.0603368e+00  -1.2958031e+00   0.0000000e+00  -1.2958031e+00   0.0000000e+00   0.0000000e+00   0.0000000e+00   0.0000000e+00   9.2162500e-01   4.4266343e-02   3.1744966e-02   0.0000000e+00   7.8125000e+00   4.6875000e+01
   8.9894118e-01   4.0437712e-02   4.4983713e-02   7.4309399e-02   3.4154280e-01   2.2089323e-01   2.3310861e-03   2.1756980e-01   1.7869185e-01  -1.1797240e+00  -9.4171848e-02   1.0482835e+00  -1.1797240e+00   0.0000000e+00  -1.1797240e+00   0.0000000e+00   0.0000000e+00   0.0000000e+00   0.0000000e+00   8.9894118e-01   3.3641250e-02   2.4614330e-02   0.0000000e+00   2.2058824e+01   7.3529412e+00
   9.0337500e-01   4.1570577e-02   4.6016967e-02   1.5470948e-02   1.0235064e-01   3.9269908e-01   7.9659412e-04   1.5115633e-01   1.3130826e-01  -1.1276366e+00  -1.0653652e-01   1.0603368e+00  -1.1276366e+00   0.0000000e+00  -1.1276366e+00   0.0000000e+00   0.0000000e+00   0.0000000e+00   0.0000000e+00   9.0337500e-01   3.4262279e-02   2.4367914e-02   0.0000000e+00   7.8125000e+00   1.5625000e+01
   9.0812121e-01   4.0255246e-02   4.4328054e-02   6.7583575e-02   7.1157954e-02   1.7180585e-01   7.2147185e-04   9.4976839e-01   4.8711857e-01  -1.1525950e+00  -1.0653652e-01   1.0603368e+00  -1.1525950e+00   0.0000000e+00  -1.1525950e+00   0.0000000e+00   0.0000000e+00   0.0000000e+00   0.0000000e+00   9.0812121e-01   3.0119004e-02   2.4994770e-02   0.0000000e+00   7.5757576e+00   1.5151515e+01
   9.1837500e-01   4.7555570e-02   5.1782300e-02   8.4910199e-02   8.1433654e-02   1.7180585e-01   7.9008062e-04   1.0426917e+00   5.1044987e-01  -9.7006248e-01  -1.0653652e-01   1.0603368e+00  -9.7006248e-01   0.0000000e+00  -9.7006248e-01   0.0000000e+00   0.0000000e+00   0.0000000e+00   0.0000000e+00   9.1837500e-01   4.0317636e-02   3.3476475e-02   0.0000000e+00   7.8125000e+00   1.5625000e+01
   9.2424242e-01   3.9974234e-02   4.3250811e-02   1.3931672e-01   3.6420631e-01   1.9634954e-01   3.5586881e-03   3.8252144e-01   2.7668391e-01  -9.2053026e-01  -1.0653652e-01   1.0603368e+00  -9.2053026e-01   0.0000000e+00  -9.2053026e-01   0.0000000e+00   0.0000000e+00   0.0000000e+00   0.0000000e+00   9.2424242e-01   3.9722806e-02   2.1846882e-02   0.0000000e+00   7.5757576e+00   3.7878788e+01
   9.3050000e-01   3.0169414e-02   3.2422799e-02   6.4519470e-03   1.2114516e-01   3.9269908e-01   9.7276541e-04   5.3257985e-02   5.0564995e-02  -1.1288956e+00  -1.0653652e-01   1.0603368e+00  -1.1288956e+00   0.0000000e+00  -1.1288956e+00   0.0000000e+00   0.0000000e+00   0.0000000e+00   0.0000000e+00   9.3050000e-01   2.5048099e-02   1.6889534e-02   0.0000000e+00   3.9062500e+01   1.5625000e+01
   9.0933333e-01   3.9883163e-02   4.3859783e-02   4.1575749e-02   1.7422222e-01   2.2089323e-01   8.5251477e-04   2.3863631e-01   1.9266051e-01  -1.1631615e+00  -1.0653652e-01   1.0603368e+00  -1.1631615e+00   0.0000000e+00  -1.1631615e+00   0.0000000e+00   0.0000000e+00   0.0000000e+00   0.0000000e+00   9.0933333e-01   2.3270130e-02   2.1828850e-02   0.0000000e+00   1.5151515e+01   4.5454545e+01
   9.3525000e-01   5.1959662e-02   5.5556976e-02   1.6363612e-01   4.7158175e-01   2.2089323e-01   6.9545257e-03   3.4699418e-01   2.5760630e-01  -8.6382538e-01  -1.0653652e-01   1.0603368e+00  -8.6382538e-01   0.0000000e+00  -8.6382538e-01   0.0000000e+00   0.0000000e+00   0.0000000e+00   0.0000000e+00   9.3525000e-01   5.7598558e-02   2.1016537e-02   0.0000000e+00   7.8125000e+00   5.4687500e+01
   9.0242424e-01   3.8857939e-02   4.3059502e-02   5.4026088e-02   4.2565248e-01   3.1906800e-01   4.6535893e-03   1.2692535e-01   1.1262977e-01  -9.6603824e-01  -1.0653652e-01   1.0603368e+00  -9.6603824e-01   0.0000000e+00  -9.6603824e-01   0.0000000e+00   0.0000000e+00   0.0000000e+00   0.0000000e+00   9.0242424e-01   3.7381311e-02   2.3531727e-02   0.0000000e+00   1.5151515e+01   7.5757576e+00
   9.1163636e-01   5.7717966e-02   6.3312488e-02   9.7497699e-02   5.6958855e-01   2.6998062e-01   9.6332854e-03   1.7117215e-01   1.4615456e-01  -8.7889957e-01  -1.0653652e-01   1.0603368e+00  -8.7889957e-01   0.0000000e+00  -8.7889957e-01   0.0000000e+00   0.0000000e+00   0.0000000e+00   0.0000000e+00   9.1163636e-01   4.9188009e-02   3.5701300e-02   0.0000000e+00   1.5151515e+01   7.5757576e+00
   9.3870968e-01   7.1422776e-02   7.6086119e-02   1.4692115e-01   3.4536798e-01   1.7180585e-01   5.0933013e-03   4.2540467e-01   2.9844484e-01   7.4735953e-01  -1.3369198e-01   1.0868562e+00   7.4735953e-01  -1.9615742e+00   5.0000000e-01  -1.7142147e+00   7.4735953e-01   0.0000000e+00   0.0000000e+00   9.3870968e-01   6.1022239e-02   4.5979148e-02   0.0000000e+00   8.0645161e+00   1.6129032e+01
   9.2550000e-01   5.1853391e-02   5.6027435e-02   1.0843973e-01   3.4952721e-01   2.2089323e-01   5.6345173e-03   3.1024689e-01   2.3678506e-01  -8.0871233e-01  -1.0653652e-01   1.0603368e+00  -8.0871233e-01   0.0000000e+00  -8.0871233e-01   0.0000000e+00   0.0000000e+00   0.0000000e+00   0.0000000e+00   9.2550000e-01   4.7918836e-02   3.4114935e-02   0.0000000e+00   7.8125000e+00   3.9062500e+01
   9.1927273e-01   3.5992423e-02   3.9153151e-02   9.7705331e-02   3.1042743e-01   2.2089323e-01   2.4701450e-03   3.1474451e-01   2.3939595e-01  -1.0082307e+00  -1.0653652e-01   1.0603368e+00  -1.0082307e+00   0.0000000e+00  -1.0082307e+00   0.0000000e+00   0.0000000e+00   0.0000000e+00   0.0000000e+00   9.1927273e-01   3.0974559e-02   2.0337003e-02   0.0000000e+00   7.5757576e+00   4.5454545e+01
   9.2557576e-01   5.1477562e-02   5.5616800e-02   8.1776276e-02   2.7636158e-01   2.2089323e-01   3.1612442e-03   2.9590320e-01   2.2833743e-01  -9.0194742e-01  -1.0653652e-01   1.0603368e+00  -9.0194742e-01   0.0000000e+00  -9.0194742e-01   0.0000000e+00   0.0000000e+00   0.0000000e+00   0.0000000e+00   9.2557576e-01   4.2016510e-02   3.6034969e-02   0.0000000e+00   7.5757576e+00   2.2727273e+01
   9.2412500e-01   4.9654126e-02   5.3730963e-02   1.1223280e-03   9.5313963e-02   3.9269908e-01   5.7794670e-04   1.1775064e-02   1.1638025e-02  -1.1479966e+00  -1.0653652e-01   1.0603368e+00  -1.1479966e+00   0.0000000e+00  -1.1479966e+00   0.0000000e+00   0.0000000e+00   0.0000000e+00   0.0000000e+00   9.2412500e-01   4.6717353e-02   3.5369524e-02   0.0000000e+00   7.8125000e+00   1.5625000e+01
   9.2537500e-01   4.1064662e-02   4.4376239e-02   3.7029859e-02   3.3517760e-01   2.9452431e-01   1.9586618e-03   1.1047832e-01   9.9487148e-02  -1.0692364e+00  -1.0653652e-01   1.0603368e+00  -1.0692364e+00   0.0000000e+00  -1.0692364e+00   0.0000000e+00   0.0000000e+00   0.0000000e+00   0.0000000e+00   9.2537500e-01   3.7732104e-02   3.1253512e-02   0.0000000e+00   7.8125000e+00   3.9062500e+01
   9.1684848e-01   5.3877245e-02   5.8763521e-02   5.2648481e-02   3.4012775e-01   2.9452431e-01   2.6245268e-03   1.5479031e-01   1.3404192e-01  -1.0891255e+00  -1.0653652e-01   1.0603368e+00  -1.0891255e+00   0.0000000e+00  -1.0891255e+00   0.0000000e+00   0.0000000e+00   0.0000000e+00   0.0000000e+00   9.1684848e-01   6.1229432e-02   2.9436302e-02   0.0000000e+00   7.5757576e+00   4.5454545e+01
   9.3387500e-01   3.6968819e-02   3.9586474e-02   1.5023368e-02   1.6619716e-01   3.4361170e-01   9.6815735e-04   9.0394852e-02   8.2901026e-02  -1.1106266e+00  -1.0653652e-01   1.0603368e+00  -1.1106266e+00   0.0000000e+00  -1.1106266e+00   0.0000000e+00   0.0000000e+00   0.0000000e+00   0.0000000e+00   9.3387500e-01   2.8254327e-02   2.4429213e-02   0.0000000e+00   1.5625000e+01   3.9062500e+01
   9.5562500e-01   4.1099211e-02   4.3007677e-02   2.7767443e-02   3.2515624e-02   3.9269908e-01   7.0409724e-04   8.5397233e-01   4.6061762e-01  -9.6499115e-01  -1.0653652e-01   1.0603368e+00  -9.6499115e-01   0.0000000e+00  -9.6499115e-01   0.0000000e+00   0.0000000e+00   0.0000000e+00   0.0000000e+00   9.5562500e-01   2.7505837e-02   2.7400970e-02   0.0000000e+00   2.3437500e+01   7.8125000e+00
   9.2200000e-01   3.9270772e-02   4.2593028e-02   3.1731340e-02   4.1299403e-01   3.4361170e-01   4.2223922e-03   7.6832444e-02   7.1350417e-02  -9.3179158e-01  -1.0653652e-01   1.0603368e+00  -9.3179158e-01   0.0000000e+00  -9.3179158e-01   0.0000000e+00   0.0000000e+00   0.0000000e+00   0.0000000e+00   9.2200000e-01   3.3592191e-02   2.8660221e-02   0.0000000e+00   1.5625000e+01   7.8125000e+00
   9.3450000e-01   4.0814292e-02   4.3675005e-02   3.5131331e-02   3.5106459e-01   3.4361170e-01   3.7937504e-03   1.0007085e-01   9.0967639e-02  -9.6872702e-01  -1.0653652e-01   1.0603368e+00  -9.6872702e-01   0.0000000e+00  -9.6872702e-01   0.0000000e+00   0.0000000e+00   0.0000000e+00   0.0000000e+00   9.3450000e-01   3.6618372e-02   2.1495990e-02   0.0000000e+00   1.5625000e+01   3.9062500e+01
   9.1345455e-01   3.1604085e-02   3.4598421e-02   5.0670675e-02   6.4897478e-02   3.9269908e-01   5.7704306e-04   7.8078033e-01   4.3844842e-01  -1.1046401e+00  -1.0653652e-01   1.0603368e+00  -1.1046401e+00   0.0000000e+00  -1.1046401e+00   0.0000000e+00   0.0000000e+00   0.0000000e+00   0.0000000e+00   9.1345455e-01   2.3125280e-02   2.1481749e-02   0.0000000e+00   1.5151515e+01   7.5757576e+00
   9.4150000e-01   4.4248565e-02   4.6997945e-02   3.9292259e-03   8.5148040e-03   1.7180585e-01   5.4518930e-05   4.6145817e-01   3.1575189e-01  -1.2670345e+00  -1.0653652e-01   1.0603368e+00  -1.2670345e+00   0.0000000e+00  -1.2670345e+00   0.0000000e+00   0.0000000e+00   0.0000000e+00   0.0000000e+00   9.4150000e-01   3.4032630e-02   2.4807931e-02   0.0000000e+00   7.8125000e+00   2.3437500e+01
   9.0545455e-01   2.8386937e-02   3.1351035e-02   2.1263943e-02   6.7808195e-02   1.9634954e-01   1.8591752e-04   3.1358957e-01   2.3872721e-01  -1.2782775e+00  -1.0653652e-01   1.0603368e+00  -1.2782775e+00   0.0000000e+00  -1.2782775e+00   0.0000000e+00   0.0000000e+00   0.0000000e+00   0.0000000e+00   9.0545455e-01   2.3202306e-02   1.8113862e-02   0.0000000e+00   4.5454545e+01   7.5757576e+00
   9.0400000e-01   4.0558600e-02   4.4865708e-02   7.2967302e-02   3.3674923e-01   2.4543693e-01   1.2682009e-03   2.1668142e-01   1.7809216e-01  -1.1903145e+00  -1.0653652e-01   1.0603368e+00  -1.1903145e+00   0.0000000e+00  -1.1903145e+00   0.0000000e+00   0.0000000e+00   0.0000000e+00   0.0000000e+00   9.0400000e-01   4.4618501e-02   1.9108704e-02   0.0000000e+00   7.5757576e+00   1.5151515e+01
   9.2315152e-01   2.7690388e-02   2.9995496e-02   3.4672617e-02   2.2298920e-01   2.6998062e-01   6.9551781e-04   1.5549012e-01   1.3456638e-01  -1.1385516e+00  -1.0653652e-01   1.0603368e+00  -1.1385516e+00   0.0000000e+00  -1.1385516e+00   0.0000000e+00   0.0000000e+00   0.0000000e+00   0.0000000e+00   9.2315152e-01   2.6621510e-02   1.6440628e-02   0.0000000e+00   4.5454545e+01   1.5151515e+01
   8.9842424e-01   2.4206185e-02   2.6942934e-02   1.2677102e-02   8.5432638e-02   2.9452431e-01   2.6858952e-04   1.4838710e-01   1.2921349e-01  -1.3151091e+00  -1.0653652e-01   1.0603368e+00  -1.3151091e+00   0.0000000e+00  -1.3151091e+00   0.0000000e+00   0.0000000e+00   0.0000000e+00   0.0000000e+00   8.9842424e-01   2.1636047e-02   1.7560248e-02   0.0000000e+00   3.7878788e+01   4.5454545e+01
   9.0375758e-01   2.7530699e-02   3.0462482e-02   3.2718206e-02   1.1077021e-01   3.9269908e-01   4.2624691e-04   2.9537009e-01   2.2801985e-01  -1.2610362e+00  -1.0653652e-01   1.0603368e+00  -1.2610362e+00   0.0000000e+00  -1.2610362e+00   0.0000000e+00   0.0000000e+00   0.0000000e+00   0.0000000e+00   9.0375758e-01   2.0699927e-02   2.0118057e-02   0.0000000e+00   3.7878788e+01   1.5151515e+01
   9.0023529e-01   2.7483393e-02   3.0529122e-02   5.4623934e-02   9.6869231e-02   1.7180585e-01   4.7101740e-04   5.6389355e-01   3.6057029e-01  -1.3626638e+00  -9.4171848e-02   1.0482835e+00  -1.3626638e+00   0.0000000e+00  -1.3626638e+00   0.0000000e+00   0.0000000e+00   0.0000000e+00   0.0000000e+00   9.0023529e-01   2.0498612e-02   1.6706485e-02   0.0000000e+00   7.3529412e+00   3.6764706e+01
   9.1275000e-01   2.4052362e-02   2.6351534e-02   5.4938485e-03   1.5499789e-02   1.9634954e-01   3.7303608e-05   3.5444667e-01   2.6169112e-01  -1.3231338e+00  -1.0653652e-01   1.0603368e+00  -1.3231338e+00   0.0000000e+00  -1.3231338e+00   0.0000000e+00   0.0000000e+00   0.0000000e+00   0.0000000e+00   9.1275000e-01   1.8946849e-02   1.5366853e-02   0.0000000e+00   3.9062500e+01   7.8125000e+00
   8.9211765e-01   2.4390466e-02   2.7339966e-02   2.4507465e-02   2.9335060e-01   3.4361170e-01   1.0612272e-03   8.3543258e-02   7.7101913e-02  -1.5359036e+00  -9.4171848e-02   1.0482835e+00  -1.5359036e+00   0.0000000e+00  -1.5359036e+00   0.0000000e+00   0.0000000e+00   0.0000000e+00   0.0000000e+00   8.9211765e-01   2.0256578e-02   1.7023043e-02   0.0000000e+00   1.4705882e+01   3.6764706e+01
   8.6114286e-01   4.3641011e-02   5.0678015e-02   3.5149923e-02   2.5331015e-01   2.9452431e-01   5.8130495e-04   1.3876240e-01   1.2185369e-01  -1.0919272e+00  -8.2517737e-02   1.0369357e+00  -1.0919272e+00   0.0000000e+00  -1.0919272e+00   0.0000000e+00   0.0000000e+00   0.0000000e+00   0.0000000e+00   8.6114286e-01   4.1687368e-02   2.9365139e-02   0.0000000e+00   7.1428571e+00   1.4285714e+01
   8.6560000e-01   6.5225040e-02   7.5352403e-02   9.2817897e-02   7.6003621e-02   1.7180585e-01   2.8784643e-03   1.2212299e+00   5.4979897e-01  -9.0680326e-01  -8.2517737e-02   1.0369357e+00  -9.0680326e-01   0.0000000e+00  -9.0680326e-01   0.0000000e+00   0.0000000e+00   0.0000000e+00   0.0000000e+00   8.6560000e-01   5.3083789e-02   4.7941655e-02   0.0000000e+00   3.5714286e+01   7.1428571e+00
   8.8666667e-01   2.8612352e-02   3.2269570e-02   1.8033889e-01   4.3463196e-01   1.9634954e-01   2.0411706e-03   4.1492322e-01   2.9324787e-01  -1.0611652e+00  -1.0653652e-01   1.0603368e+00  -1.0611652e+00   0.0000000e+00  -1.0611652e+00   0.0000000e+00   0.0000000e+00   0.0000000e+00   0.0000000e+00   8.8666667e-01   3.2048654e-02   1.5487712e-02   0.0000000e+00   7.5757576e+00   3.7878788e+01
   8.9976471e-01   3.3334902e-02   3.7048466e-02   1.0905827e-01   2.0259659e-01   1.7180585e-01   8.7190171e-04   5.3830258e-01   3.4993283e-01  -1.5567170e+00  -9.4171848e-02   1.0482835e+00  -1.5567170e+00   0.0000000e+00  -1.5567170e+00   0.0000000e+00   0.0000000e+00   0.0000000e+00   0.0000000e+00   8.9976471e-01   3.9306726e-02   1.2763954e-02   0.0000000e+00   7.3529412e+00   4.4117647e+01
   8.5428571e-01   1.5530940e-02   1.8180030e-02   1.5604352e-02   3.1493565e-01   3.6815539e-01   6.8903144e-04   4.9547748e-02   4.7208665e-02  -1.2688947e+00  -8.2517737e-02   1.0369357e+00  -1.2688947e+00   0.0000000e+00  -1.2688947e+00   0.0000000e+00   0.0000000e+00   0.0000000e+00   0.0000000e+00   8.5428571e-01   1.4580046e-02   9.6203431e-03   0.0000000e+00   1.4285714e+01   4.2857143e+01
   8.5177143e-01   2.3262044e-02   2.7310195e-02   2.5360269e-02   8.7631220e-02   3.9269908e-01   3.3919278e-04   2.8939765e-01   2.2444407e-01  -1.2041632e+00  -8.2517737e-02   1.0369357e+00  -1.2041632e+00   0.0000000e+00  -1.2041632e+00   0.0000000e+00   0.0000000e+00   0.0000000e+00   0.0000000e+00   8.5177143e-01   1.7085596e-02   1.5191979e-02   0.0000000e+00   1.4285714e+01   4.2857143e+01
   8.9854545e-01   3.1318017e-02   3.4854126e-02   5.1767239e-02   4.8655504e-01   2.9452431e-01   2.2097423e-03   1.0639544e-01   9.6164028e-02  -1.1327095e+00  -1.0653652e-01   1.0603368e+00  -1.1327095e+00   0.0000000e+00  -1.1327095e+00   0.0000000e+00   0.0000000e+00   0.0000000e+00   0.0000000e+00   8.9854545e-01   2.9539638e-02   1.8777381e-02   0.0000000e+00   1.5151515e+01   3.0303030e+01
   8.9576471e-01   2.5239530e-02   2.8176517e-02   1.7423025e-02   3.7523126e-01   3.6815539e-01   1.3943074e-03   4.6432765e-02   4.4372430e-02  -1.5153728e+00  -9.4171848e-02   1.0482835e+00  -1.5153728e+00   0.0000000e+00  -1.5153728e+00   0.0000000e+00   0.0000000e+00   0.0000000e+00   0.0000000e+00   8.9576471e-01   2.4818701e-02   1.4208164e-02   0.0000000e+00   1.4705882e+01   5.8823529e+01
   8.2400000e-01   6.4267299e-02   7.7994295e-02   1.3086799e-01   4.3549380e-01   2.2089323e-01   5.8155898e-03   3.0050483e-01   2.3106783e-01  -1.0280546e+00  -1.6468465e-01   1.1172003e+00  -1.0280546e+00   0.0000000e+00  -1.0280546e+00   0.0000000e+00   0.0000000e+00   0.0000000e+00   0.0000000e+00   8.2400000e-01   8.0371307e-02   2.3994140e-02   0.0000000e+00   8.6206897e+00   2.5862069e+01
   9.0751515e-01   1.7371171e-02   1.9141466e-02   9.6924152e-03   1.6435231e-02   3.9269908e-01   2.5682863e-05   5.8973405e-01   3.7096397e-01  -1.4002815e+00  -1.0653652e-01   1.0603368e+00  -1.4002815e+00   0.0000000e+00  -1.4002815e+00   0.0000000e+00   0.0000000e+00   0.0000000e+00   0.0000000e+00   9.0751515e-01   1.5865162e-02   9.3481072e-03   0.0000000e+00   3.7878788e+01   7.5757576e+01
   8.8235294e-01   2.6130074e-02   2.9614083e-02   7.4092619e-02   3.5491144e-01   3.6815539e-01   1.4111619e-03   2.0876368e-01   1.7270843e-01  -1.4934330e+00  -9.4171848e-02   1.0482835e+00  -1.4934330e+00   0.0000000e+00  -1.4934330e+00   0.0000000e+00   0.0000000e+00   0.0000000e+00   0.0000000e+00   8.8235294e-01   2.1721597e-02   1.8753043e-02   0.0000000e+00   7.3529412e+00   1.4705882e+01
   8.4880000e-01   1.3815592e-02   1.6276617e-02   1.9438985e-02   2.0116788e-01   3.9269908e-01   1.9835557e-04   9.6630660e-02   8.8115957e-02  -1.4046748e+00  -8.2517737e-02   1.0369357e+00  -1.4046748e+00   0.0000000e+00  -1.4046748e+00   0.0000000e+00   0.0000000e+00   0.0000000e+00   0.0000000e+00   8.4880000e-01   1.4402813e-02   7.9188534e-03   0.0000000e+00   3.5714286e+01   1.4285714e+01
   8.6057143e-01   3.2382172e-02   3.7628686e-02   3.6476309e-02   1.3777030e-01   2.4543693e-01   9.3910309e-04   2.6476177e-01   2.0933727e-01  -1.0768672e+00  -8.2517737e-02   1.0369357e+00  -1.0768672e+00   0.0000000e+00  -1.0768672e+00   0.0000000e+00   0.0000000e+00   0.0000000e+00   0.0000000e+00   8.6057143e-01   2.9319098e-02   1.9122943e-02   0.0000000e+00   3.5714286e+01   4.2857143e+01
   8.6080000e-01   4.1442235e-02   4.8143860e-02   1.0381728e-02   2.9722487e-02   1.9634954e-01   1.8032031e-04   3.4928868e-01   2.5886875e-01  -1.2733282e+00  -8.2517737e-02   1.0369357e+00  -1.2733282e+00   0.0000000e+00  -1.2733282e+00   0.0000000e+00   0.0000000e+00   0.0000000e+00   0.0000000e+00   8.6080000e-01   3.3587530e-02   2.7085738e-02   0.0000000e+00   4.2857143e+01   7.1428571e+00
   8.4034286e-01   5.6886855e-02   6.7694816e-02   2.1484122e-02   3.5360886e-01   3.6815539e-01   8.9934377e-03   6.0756742e-02   5.7276791e-02  -8.2307418e-01  -8.2517737e-02   1.0369357e+00  -8.2307418e-01   0.0000000e+00  -8.2307418e-01   0.0000000e+00   0.0000000e+00   0.0000000e+00   0.0000000e+00   8.4034286e-01   5.1147370e-02   3.7069805e-02   0.0000000e+00   7.1428571e+00   2.1428571e+01
   9.2472727e-01   2.5108854e-02   2.7152713e-02   6.1910991e-03   2.4395848e-01   3.9269908e-01   1.9297057e-03   2.5377675e-02   2.4749588e-02  -1.1037517e+00  -1.0653652e-01   1.0603368e+00  -1.1037517e+00   0.0000000e+00  -1.1037517e+00   0.0000000e+00   0.0000000e+00   0.0000000e+00   0.0000000e+00   9.2472727e-01   2.3377281e-02   1.6110215e-02   0.0000000e+00   1.5151515e+01   2.2727273e+01
   8.7741176e-01   2.9076824e-02   3.3139314e-02   4.2304293e-02   2.4005391e-01   2.6998062e-01   3.9071986e-04   1.7622830e-01   1.4982491e-01  -1.7294101e+00  -9.4171848e-02   1.0482835e+00  -1.7294101e+00   0.0000000e+00  -1.7294101e+00   0.0000000e+00   0.0000000e+00   0.0000000e+00   0.0000000e+00   8.7741176e-01   2.1350489e-02   1.9543400e-02   0.0000000e+00   7.3529412e+00   2.2058824e+01
   8.1470270e-01   1.5115968e-02   1.8553968e-02   5.6974717e-03   3.4125707e-01   3.9269908e-01   6.2726823e-04   1.6695542e-02   1.6421378e-02   7.2547415e-01  -6.1098077e-02   1.0161122e+00   7.2547415e-01  -2.5057192e+00   5.0000000e-01  -2.2623917e+00   7.2547415e-01   0.0000000e+00   0.0000000e+00   8.1470270e-01   1.3132693e-02   8.7906207e-03   0.0000000e+00   1.3513514e+01   6.7567568e+00
   8.4066667e-01   2.4574086e-02   2.9231665e-02   2.1464128e-01   2.6805740e-01   1.7180585e-01   1.1609200e-03   8.0072879e-01   4.4466929e-01   1.8549443e+00  -6.1098077e-02   1.0161122e+00   1.8549443e+00  -3.6301538e+00   5.0000000e-01  -2.1679234e+00   1.8549443e+00   0.0000000e+00   0.0000000e+00   8.4066667e-01   2.9061127e-02   1.2324062e-02   0.0000000e+00   6.9444444e+00   1.3888889e+01
   8.5108571e-01   2.3163576e-02   2.7216502e-02   5.7441737e-03   5.2567331e-01   3.6815539e-01   1.0882335e-03   1.0927269e-02   1.0809155e-02  -1.1892940e+00  -8.2517737e-02   1.0369357e+00  -1.1892940e+00   0.0000000e+00  -1.1892940e+00   0.0000000e+00   0.0000000e+00   0.0000000e+00   0.0000000e+00   8.5108571e-01   2.2919726e-02   1.4036942e-02   0.0000000e+00   1.4285714e+01   7.1428571e+00
   8.1755556e-01   3.8666667e-02   4.7295461e-02   8.7380649e-04   2.3670461e-01   3.9269908e-01   4.4200687e-03   3.6915482e-03   3.6779708e-03   7.3673323e-01  -6.1098077e-02   1.0161122e+00   7.3673323e-01  -2.0704820e+00   5.0000000e-01  -1.8150039e+00   7.3673323e-01   0.0000000e+00   0.0000000e+00   8.1755556e-01   3.3559893e-02   2.7473080e-02   0.0000000e+00   1.3888889e+01   2.0833333e+01
   7.7960000e-01   3.9617115e-02   5.0817233e-02   2.2468210e-03   2.8044045e-02   3.9269908e-01   2.1936462e-05   8.0117579e-02   7.4174868e-02  -2.2516250e+00  -3.5178189e-01   1.3019524e+00  -2.2516250e+00   0.0000000e+00  -2.2516250e+00   0.0000000e+00   0.0000000e+00   0.0000000e+00   0.0000000e+00   7.7960000e-01   4.4384777e-02   1.9928934e-02   0.0000000e+00   1.2500000e+01   2.5000000e+01
   7.7960000e-01   3.9617115e-02   5.0817233e-02   2.2468210e-03   2.8044045e-02   3.9269908e-01   2.1936462e-05   8.0117579e-02   7.4174868e-02  -2.2516250e+00  -3.5178189e-01   1.3019524e+00  -2.2516250e+00   0.0000000e+00  -2.2516250e+00   0.0000000e+00   0.0000000e+00   0.0000000e+00   0.0000000e+00   7.7960000e-01   4.4384777e-02   1.9928934e-02   0.0000000e+00   1.2500000e+01   2.5000000e+01
   7.9779310e-01   4.6630293e-02   5.8449105e-02   7.8282540e-02   3.1069067e-01   2.4543693e-01   5.2331061e-04   2.5196296e-01   2.0125433e-01  -1.4700939e+00  -1.6468465e-01   1.1172003e+00  -1.4700939e+00   0.0000000e+00  -1.4700939e+00   0.0000000e+00   0.0000000e+00   0.0000000e+00   0.0000000e+00   7.9779310e-01   5.6690659e-02   1.8655479e-02   0.0000000e+00   8.6206897e+00   1.7241379e+01
   8.9670588e-01   1.9558040e-02   2.1810987e-02   1.2297577e-02   1.0914871e-01   2.6998062e-01   1.6448727e-04   1.1266810e-01   1.0125939e-01  -1.6490354e+00  -9.4171848e-02   1.0482835e+00  -1.6490354e+00   0.0000000e+00  -1.6490354e+00   0.0000000e+00   0.0000000e+00   0.0000000e+00   0.0000000e+00   8.9670588e-01   1.7506451e-02   1.0760466e-02   0.0000000e+00   3.6764706e+01   4.4117647e+01
   9.3662500e-01   3.1985632e-02   3.4149881e-02   5.4749454e-02   2.1985796e-01   2.4543693e-01   8.4469841e-04   2.4902193e-01   1.9937354e-01  -1.1888177e+00  -1.0653652e-01   1.0603368e+00  -1.1888177e+00   0.0000000e+00  -1.1888177e+00   0.0000000e+00   0.0000000e+00   0.0000000e+00   0.0000000e+00   9.3662500e-01   3.3073241e-02   1.7393733e-02   0.0000000e+00   7.8125000e+00   3.9062500e+01
   9.1527273e-01   2.1411552e-02   2.3393630e-02   6.0710931e-02   2.3095004e-01   2.6998062e-01   3.2956622e-04   2.6287474e-01   2.0815583e-01  -1.3123741e+00  -1.0653652e-01   1.0603368e+00  -1.3123741e+00   0.0000000e+00  -1.3123741e+00   0.0000000e+00   0.0000000e+00   0.0000000e+00   0.0000000e+00   9.1527273e-01   1.7533829e-02   1.6957312e-02   0.0000000e+00   7.5757576e+00   1.5151515e+01
   9.9806897e-01   4.3182281e-02   4.3265828e-02   9.9869512e-02   4.9156327e-01   2.9452431e-01   5.5254461e-03   2.0316715e-01   1.6886029e-01  -1.0627449e+00  -1.6468465e-01   1.1172003e+00  -1.0627449e+00   0.0000000e+00  -1.0627449e+00   0.0000000e+00   0.0000000e+00   0.0000000e+00   0.0000000e+00   9.9806897e-01   4.9249873e-02   2.6885221e-02   0.0000000e+00   8.6206897e+00   1.7241379e+01
